%time,field.x,field.y,field.z
1701944384293378458,0.0,0.0,0.0
1701944384294940148,-4.803525222334732e-09,-5.568818398567093e-10,6.582999705000077e-09
1701944384296286874,-1.7527345642323642e-08,-3.468275702631408e-09,2.396829372616092e-08
1701944384297615513,-3.89719978748333e-08,-1.039334885133301e-08,5.3248594487289e-08
1701944384298874104,-6.733354665368249e-08,-1.991660671984234e-08,9.191406866620189e-08
1701944384300218953,-1.0538656521490346e-07,-3.035161835702719e-08,1.4351829320564862e-07
1701944384301589807,-1.5100155540845516e-07,-3.770983690743513e-08,2.0523560312990324e-07
1701944384303037089,-2.0500358032927023e-07,-3.9150783002619997e-08,2.7906209760149254e-07
1701944384304392798,-2.599022941189558e-07,-3.41124419807836e-08,3.560383186873229e-07
1701944384305806489,-3.209042175165603e-07,-2.3700339869249542e-08,4.448232123137374e-07
1701944384307314305,-3.895794667306816e-07,-9.363984852441387e-09,5.492765516207398e-07
1701944384308621965,-4.5138422599333897e-07,4.129276943169475e-09,6.470614477952635e-07
1701944384310239050,-5.291286648543701e-07,2.1728695871011038e-08,7.742057434616944e-07
1701944384312517901,-6.379559213578591e-07,5.136741695923662e-08,9.582251937070586e-07
1701944384314177705,-7.152543573468414e-07,7.960881687030456e-08,1.0924353465022954e-06
1701944384315666865,-7.828607630367623e-07,1.1260906986984094e-07,1.2111670892429683e-06
1701944384317029290,-8.440396938879368e-07,1.506769240663372e-07,1.3181015333601424e-06
1701944384318323294,-9.02733448155591e-07,1.940200271986434e-07,1.418724121045364e-06
1701944384320047028,-9.82999076335368e-07,2.612157671739606e-07,1.5533333531679493e-06
1701944384321500730,-1.0521609666023738e-06,3.248074119741865e-07,1.6694200020568808e-06
1701944384322866681,-1.1168294953792543e-06,3.891131135376237e-07,1.7826905278046232e-06
1701944384324360900,-1.184952857134015e-06,4.637508485543279e-07,1.9129011520004026e-06
1701944384325710978,-1.2429842328569047e-06,5.349130396590981e-07,2.036738077976706e-06
1701944384327165941,-1.3021520519068667e-06,6.156406849771915e-07,2.1765180830588335e-06
1701944384328528455,-1.3563696965122517e-06,6.949841498758655e-07,2.3130230098526836e-06
1701944384329946696,-1.414779201157645e-06,7.810176747670604e-07,2.460685824098214e-06
1701944384331269407,-1.4736792845880598e-06,8.640162211215079e-07,2.6035590398402322e-06
1701944384332646378,-1.5411652932835927e-06,9.530657224027322e-07,2.757515561065826e-06
1701944384333837128,-1.6049250613776817e-06,1.0324001985611792e-06,2.8945951713013465e-06
1701944384335354634,-1.6934566840843483e-06,1.1372548109224298e-06,3.073471395621481e-06
1701944384337045125,-1.8020968295165566e-06,1.2599575299798301e-06,3.2766876969512173e-06
1701944384338169559,-1.8805306254374968e-06,1.3454630276793766e-06,3.4135026018020572e-06
1701944384339622369,-1.9892153796742555e-06,1.4608401821789488e-06,3.5919045934552653e-06
1701944384341260488,-2.1205700499732885e-06,1.5967454507583717e-06,3.7956680373470323e-06
1701944384343270071,-2.29158932645174e-06,1.768287077299554e-06,4.050500727832019e-06
1701944384344970414,-2.4431663947315345e-06,1.9137630674898787e-06,4.2713883498653275e-06
1701944384346225545,-2.559310794425803e-06,2.0192079457633618e-06,4.438222250687143e-06
1701944384347619743,-2.6948813780051587e-06,2.1334076308561154e-06,4.627865694027196e-06
1701944384349010094,-2.839851727042327e-06,2.2445463562785602e-06,4.821370316117277e-06
1701944384350429272,-2.99990600138472e-06,2.3562016722788455e-06,5.022820273744919e-06
1701944384352148983,-3.2093634174408526e-06,2.490651447004832e-06,5.271072843576841e-06
1701944384353785516,-3.421063955379799e-06,2.619334223408245e-06,5.511230177932583e-06
1701944384355034169,-3.587787108950775e-06,2.7189016143657696e-06,5.697689644774366e-06
1701944384356298267,-3.7585435725683076e-06,2.8211074771591942e-06,5.890825086104317e-06
1701944384357555078,-3.928585613748091e-06,2.923362023403494e-06,6.088731035864518e-06
1701944384358816193,-4.098485277686943e-06,3.025323791814174e-06,6.294027822178714e-06
1701944384360068861,-4.266213265190298e-06,3.125058723565985e-06,6.504627640825687e-06
1701944384361479082,-4.453546445057827e-06,3.235478766044047e-06,6.748620837769081e-06
1701944384362918189,-4.642664259331662e-06,3.347511746704113e-06,7.0031459863258405e-06
1701944384364311518,-4.823352953219682e-06,3.4577002091949516e-06,7.252320293500875e-06
1701944384365535795,-4.9802247388967105e-06,3.558116672449451e-06,7.471389326901753e-06
1701944384366990936,-5.165922596367132e-06,3.684674035663022e-06,7.729947600602276e-06
1701944384368348098,-5.340997228463314e-06,3.8115910394723092e-06,7.968664402388657e-06
1701944384370213487,-5.590680426315015e-06,4.0017212081743905e-06,8.29462921173932e-06
1701944384371715451,-5.80313737721439e-06,4.167809066603384e-06,8.55841027777971e-06
1701944384373815383,-6.123853560076612e-06,4.417109404574346e-06,8.938828021518176e-06
1701944384375504235,-6.4053455074170954e-06,4.630200037662174e-06,9.261484958384604e-06
1701944384377094427,-6.691326865624587e-06,4.8396316532584405e-06,9.58375202417379e-06
1701944384378339807,-6.92912732209693e-06,5.009433053062561e-06,9.849345982927202e-06
1701944384379824775,-7.2266684573118776e-06,5.2194626784879936e-06,1.0178860811600176e-05
1701944384381186419,-7.510746284402626e-06,5.420098709021481e-06,1.0489437428579828e-05
1701944384382408278,-7.773402066991742e-06,5.607055881383101e-06,1.0771454038753908e-05
1701944384384033848,-8.133166444468009e-06,5.865435704451061e-06,1.1146609697017978e-05
1701944384385479383,-8.463134060240373e-06,6.103602310457967e-06,1.1477656792383777e-05
1701944384386897178,-8.796012071615082e-06,6.3436709644366786e-06,1.1798732576601826e-05
1701944384388233694,-9.117518055541592e-06,6.5749098929672644e-06,1.2098369696591318e-05
1701944384389676106,-9.471151531290682e-06,6.829386587620404e-06,1.2420028986221256e-05
1701944384390935387,-9.78442436530035e-06,7.056320491452968e-06,1.2701766027552867e-05
1701944384392279564,-1.0123216843487329e-05,7.30463400325182e-06,1.3006954889242637e-05
1701944384393743159,-1.0498414748416353e-05,7.582572781613966e-06,1.3348466610598447e-05
1701944384395208120,-1.0882702064985313e-05,7.867127705651238e-06,1.3702998117244966e-05
1701944384396835579,-1.1323296897027037e-05,8.187177265404507e-06,1.4114026205508999e-05
1701944384398230894,-1.1714835825552482e-05,8.462276344018984e-06,1.448112108311114e-05
1701944384399624391,-1.2120292296846342e-05,8.736631650501578e-06,1.486041097591782e-05
1701944384400959145,-1.2522760301076345e-05,8.999844567832299e-06,1.5233843506904833e-05
1701944384402469811,-1.2994545943760522e-05,9.300501323907403e-06,1.5665690075836494e-05
1701944384404555880,-1.3672423986471725e-05,9.724118114394484e-06,1.6273622707947897e-05
1701944384406610765,-1.4366764620469543e-05,1.015182086372678e-05,1.6881887966898277e-05
1701944384408072160,-1.4873993684997955e-05,1.0460886405244557e-05,1.7318359617782387e-05
1701944384409454729,-1.5361672351381514e-05,1.0754420490383755e-05,1.7733234687027524e-05
1701944384410660820,-1.57920271944164e-05,1.1009274410313177e-05,1.8096469006792683e-05
1701944384412137784,-1.6325136670911625e-05,1.1317830457473248e-05,1.854371380079822e-05
1701944384413353044,-1.6769246477007276e-05,1.1568409610256361e-05,1.891474560528427e-05
1701944384414793687,-1.730291677153872e-05,1.1862856770101714e-05,1.93604007057326e-05
1701944384416290265,-1.786534655446741e-05,1.2167652057130969e-05,1.98316340068177e-05
1701944384417464772,-1.831229610272607e-05,1.240702901785797e-05,2.020758167207921e-05
1701944384418811243,-1.8831439366035426e-05,1.2681840619876597e-05,2.064421391755364e-05
1701944384420246709,-1.939459897471782e-05,1.2974937055972232e-05,2.111455844799315e-05
1701944384421540101,-1.9912517608035618e-05,1.3239550548188085e-05,2.15418114670788e-05
1701944384422687217,-2.038056456490337e-05,1.3475619287535736e-05,2.1923233041065164e-05
1701944384424200349,-2.1008244767762017e-05,1.3791246115354212e-05,2.2429833286896826e-05
1701944384425497457,-2.155327072811237e-05,1.4067402447264447e-05,2.286729544097717e-05
1701944384426542650,-2.1995324708657096e-05,1.4294280448921543e-05,2.3221486142300146e-05
1701944384427814311,-2.2535887997364924e-05,1.4575031806083675e-05,2.3653681185465844e-05
1701944384429192158,-2.312653682034189e-05,1.4883278212552064e-05,2.4123013956922216e-05
1701944384430616735,-2.3745383298249366e-05,1.5203651112643673e-05,2.4608838912453518e-05
1701944384432126473,-2.4413099699756997e-05,1.5542216320052028e-05,2.5123646958542673e-05
1701944384433812623,-2.5173857733067644e-05,1.5916439787938876e-05,2.5696560236437373e-05
1701944384435491519,-2.5945207648578243e-05,1.6283394197174397e-05,2.6262465654856234e-05
1701944384437511517,-2.6886183678971802e-05,1.6716255251498785e-05,2.6934460407755134e-05
1701944384439040382,-2.760462935473661e-05,1.7037378682275187e-05,2.743669038009156e-05
1701944384440409768,-2.8250511799934205e-05,1.732006020616648e-05,2.7883479642288737e-05
1701944384441795956,-2.890621068781552e-05,1.7601861286405484e-05,2.833596448530616e-05
1701944384443110187,-2.95298054330954e-05,1.7865846771086432e-05,2.876784739086161e-05
1701944384444515258,5.475139459377217e-12,0.003579793575530515,-0.9999950052792471
1701944384445984317,-9.599955433743244e-09,0.0036471763550868135,-1.018818304675933
1701944384447669183,-2.536834073782191e-08,0.0036866790253803636,-1.029853069469522
1701944384449097803,-4.632492091157096e-08,0.0037201757950998024,-1.0392092679907308
1701944384450811784,-6.704185177568296e-13,0.002727474009233185,-2.6662541844525895
1701944384452179152,-1.766558874277226e-08,0.0023105439460292115,-3.4815890592335395
1701944384453621657,-3.7724738663198956e-08,0.0021153780032192137,-3.8632646928784546
1701944384454883908,-6.061793600583618e-08,0.0019446039865885759,-4.197246640109957
1701944384456211822,-8.902329816471984e-08,0.0017649306494883746,-4.548640561312142
1701944384457603562,-1.225997027422733e-07,0.0015766480846304619,-4.916878671602781
1701944384458647815,-1.500557236780228e-07,0.0014353653461275195,-5.193199193301798
1701944384460403564,-2.0025602806478927e-07,0.0011978000342118234,-5.657834029972706
1701944384461722499,-2.4096351120197425e-07,0.00101936215863686,-6.006830614767222
1701944384463005448,-2.8248828453151117e-07,0.0008457970561359327,-6.34630107670245
1701944384464263657,-3.2446490121310044e-07,0.0006755888077718831,-6.679210501778223
1701944384466120308,-3.87373594205426e-07,0.00042442559820383226,-7.170467975798412
1701944384467876826,-4.4724460768279824e-07,0.00018678162198761735,-7.635292050569332
1701944384469690257,-5.101395342771288e-07,-5.8535130361390486e-05,-8.115130800290833
1701944384471070898,-5.604627488173965e-07,-0.00024531180279068333,-8.480466875550944
1701944384472291791,-6.085452701155163e-07,-0.0004104476990222872,-8.803471657796258
1701944384473667456,-6.681858723641929e-07,-0.0005965500690289265,-9.167482903293147
1701944384475064676,-7.346209494714844e-07,-0.0007855894429735194,-9.53723504942214
1701944384476152689,-7.895657866448419e-07,-0.0009327643367166872,-9.825100434186515
1701944384477611833,-8.657502316738067e-07,-0.0011301595240974125,-10.21119206894662
1701944384478889790,-9.338815413320763e-07,-0.001303042613809011,-10.549337679204587
1701944384480165648,-1.0032987541184056e-06,-0.001475669284102703,-10.886978591603691
1701944384481182568,-1.0604585050223494e-06,-0.0016132368191425159,-11.156044078048806
1701944384483108223,-1.1771800657412681e-06,-0.0018737652366774312,-11.66559669680914
1701944384484362178,-1.2603887689181273e-06,-0.002043400900540846,-11.997370523609383
1701944384485700305,-1.355808199231061e-06,-0.002224457998650846,-12.35147709814015
1701944384486965959,-1.4516893360136418e-06,-0.002395678470173933,-12.686342176605589
1701944384488285477,-1.5569170151400633e-06,-0.0025742212512864537,-13.03552797203066
1701944384489133993,-1.6275123286410169e-06,-0.0026890230712459913,-13.260054122656522
1701944384491048522,-1.7977394424054047e-06,-0.0029480385503158364,-13.766641643238117
1701944384492597196,-1.9483323059381244e-06,-0.0031575339829733235,-14.176390825354966
1701944384493922659,-2.087382832943448e-06,-0.0033368664943029375,-14.527153787481184
1701944384495348119,-2.246405380490287e-06,-0.003529710491760115,-14.904350142402265
1701944384496907491,-2.42863297714278e-06,-0.003740647972000575,-15.316938222977983
1701944384498497311,-2.6198981981032225e-06,-0.003955715371499058,-15.73760141622493
1701944384499968362,-2.7997016116032273e-06,-0.004154722194273769,-16.126847346765494
1701944384501404674,-2.977270593153223e-06,-0.0043490523932123385,-16.506945677109098
1701944384503037612,-3.182382734228177e-06,-0.00456995720597314,-16.9390275734419
1701944384504759006,-3.404219451863267e-06,-0.0048028225335021504,-17.394514686924953
1701944384506126432,-3.5854620451226077e-06,-0.0049877879423189005,-17.75631781095036
1701944384507469263,-3.7676051850649088e-06,-0.005169428725093263,-18.111622983465477
1701944384508824098,-3.954582994410377e-06,-0.0053527138797630726,-18.47014557933933
1701944384509770951,-4.0867272290969215e-06,-0.005480785326808009,-18.72066347515252
1701944384511534011,-4.337074584215514e-06,-0.005719288912453541,-19.187190744476734
1701944384512759898,-4.51606690432087e-06,-0.005885129199192249,-19.51158332515656
1701944384514053636,-4.712232042572578e-06,-0.006060126504271577,-19.853892560502956
1701944384515617980,-4.962645925556586e-06,-0.00627175391538348,-20.267868442106163
1701944384517019504,-5.200343474516105e-06,-0.006461311699443101,-20.638692912510304
1701944384517963393,-5.367414048928171e-06,-0.006588977272338503,-20.888453725935175
1701944384519675719,-5.6834037225216955e-06,-0.006820556897723122,-21.341543433243483
1701944384521074242,-5.953205760449371e-06,-0.007009684266700257,-21.71161085333185
1701944384522224506,-6.182658746721455e-06,-0.007165202948155623,-22.015941782502846
1701944384523647265,-6.475493986128809e-06,-0.0073575857942931215,-22.39244405937497
1701944384524713533,-6.700938194589877e-06,-0.007501732285694525,-22.6745684195129
1701944384526082300,-6.996717180315141e-06,-0.007686769264362052,-23.0367499822363
1701944384528193010,-7.463612438227464e-06,-0.007972081687696182,-23.595257794905372
1701944384529747039,-7.813638379016432e-06,-0.008182121969563874,-24.006457826727523
1701944384530993246,-8.09690763855798e-06,-0.008350547243542448,-24.336212742394604
1701944384532342186,-8.405766690225164e-06,-0.00853284667994021,-24.693158081335017
1701944384533616988,-8.70064795289619e-06,-0.00870511362932797,-25.030483407459414
1701944384534899861,-9.002220895671007e-06,-0.008878466867819483,-25.369953679597305
1701944384536368595,-9.35598744640585e-06,-0.00907691038152977,-25.75856858925404
1701944384537726083,-9.692602092390784e-06,-0.009260341438580342,-26.11778502481545
1701944384539399274,-1.01204374763158e-05,-0.00948643158201782,-26.56052841869742
1701944384540640153,-1.0445780773939426e-05,-0.009654090187423291,-26.888832290992678
1701944384541946289,-1.0792958012129158e-05,-0.009830585072413953,-27.23442195084344
1701944384543139191,-1.1111342992444785e-05,-0.009991815434076845,-27.550108450568782
1701944384544411781,-1.1449045291692695e-05,-0.01016381265245006,-27.88686595098798
1701944384545677279,-1.1780793660529823e-05,-0.010334813650287837,-28.221667760065536
1701944384546969754,-1.2115113211387508e-05,-0.01050948817582102,-28.56366146858574
1701944384548309821,-2.2472851352170128e-14,0.002386500673778864,-7.33349362149627
1701944384549577167,5.050710497764361e-09,0.0023773816821196707,-7.458311904365442
1701944384550671993,9.175229877193525e-09,0.0023735558995720604,-7.510718006799117
1701944384552336215,1.2364036411353913e-08,0.002367744941258871,-7.590377103760462
1701944384553561857,9.767559562178679e-09,0.0023634684474020794,-7.649048648616379
1701944384554768532,1.1765517874497682e-09,0.0023592613103392466,-7.706807190802608
1701944384556329430,-1.8933868158824984e-08,0.0023538231844133463,-7.781524667320308
1701944384557941973,-4.787646269489844e-08,0.0023482114100194565,-7.858707234887281
1701944384560125732,-9.436867763275355e-08,0.0023406215145441935,-7.963245504211799
1701944384561978281,-1.3730198062371546e-07,0.0023341937463060816,-8.051920436318495
1701944384563522622,-1.7449729110379952e-07,0.0023288428030117303,-8.125839041888653
1701944384564789374,-2.058830119653974e-07,0.0023244580579486022,-8.186473529409437
1701944384566066820,-2.3873414430097925e-07,0.0023200399456527287,-8.247621582818756
1701944384567439250,-2.7664120187033835e-07,0.0023152964669559068,-8.313323220417963
1701944384569391365,-3.39711576952016e-07,0.0023085557498407562,-8.406757190555874
1701944384570886124,-3.992320361443627e-07,0.002303395919879877,-8.478313444404368
1701944384572204875,-4.6354745791380834e-07,0.0022988443933540338,-8.54143587815674
1701944384573518366,-5.410051748064478e-07,0.002294309588031996,-8.604307237779604
1701944384574729488,-6.243647022785493e-07,0.002290126323493149,-8.66228264100999
1701944384576106398,-7.305049368236355e-07,0.0022853702305906066,-8.728189713395386
1701944384577354408,-8.338848669329395e-07,0.0022810604527834333,-8.787934039775388
1701944384578824690,-9.600496351439878e-07,0.0022759877979484683,-8.858314786353361
1701944384580094755,-1.0705430980721594e-06,0.00227161053352865,-8.91910904345201
1701944384581342618,-1.179149915880941e-06,0.0022673131485792704,-8.9788419340888
1701944384582401265,-1.2709441196710776e-06,0.002263669726259141,-9.02951331725066
1701944384584022449,-1.4115245653247296e-06,0.0022580928118439776,-9.107118138144504
1701944384585352906,-1.5280707905848269e-06,0.002253519631661804,-9.170799744135316
1701944384586743054,-1.6529010866250265e-06,0.002248744971650959,-9.237345886937439
1701944384588680219,-1.835455930126179e-06,0.0022421023607933303,-9.330072259896486
1701944384590730408,-2.0433646584404674e-06,0.002235089810731586,-9.428208160937736
1701944384592798092,-2.272202336201061e-06,0.002228040326883173,-9.527177182943637
1701944384594151738,-2.4339602422087973e-06,0.0022234382304640262,-9.591977243525509
1701944384595711667,-2.633368440590214e-06,0.0022181481647119156,-9.66664909680398
1701944384596937993,-2.8005706457633745e-06,0.0022139987491106325,-9.725343474866133
1701944384598573214,-3.0392316282658028e-06,0.00220847410702741,-9.803621658853379
1701944384599846704,-3.2382753250679064e-06,0.0022041781923060138,-9.864575695464845
1701944384601293433,-3.479201300612397e-06,0.0021993032798883973,-9.933826596119975
1701944384602516446,-3.6954616918661827e-06,0.002195186849507237,-9.992372590255219
1701944384604015479,-3.9764853124660435e-06,0.0021901478156928747,-10.064134225404715
1701944384605482815,-4.2683261275693915e-06,0.0021852233837317907,-10.134366586047364
1701944384606848437,-4.5540899036885485e-06,0.002180646181736677,-10.199737232294101
1701944384608220013,-4.853393207078681e-06,0.0021760552464061425,-10.265393191141237
1701944384609574156,-5.159270130307979e-06,0.002171529853277214,-10.330204628038137
1701944384611007956,-5.4924649908476375e-06,0.0021667442540335064,-10.398839243707481
1701944384612405663,-5.824475169794719e-06,0.002162083333953963,-10.46575057451197
1701944384613749916,-6.148808874793767e-06,0.0021576016449711467,-10.530094096366675
1701944384615356821,-6.541928167485498e-06,0.00215223848566568,-10.607014159331069
1701944384616568974,-6.8423794682287645e-06,0.002148186287410466,-10.665035165409495
1701944384618274171,-7.2716331165541885e-06,0.002142473461919756,-10.746657159826785
1701944384620293712,-7.791240973071042e-06,0.002135689612913762,-10.843320789037522
1701944384622069959,-8.259647523240549e-06,0.0021297076029493612,-10.928355110552303
1701944384623656990,-8.688305374408881e-06,0.0021243545528668527,-11.004316519401172
1701944384624939490,-9.04271901501733e-06,0.002120022889122731,-11.065704204231753
1701944384626168798,-9.390075535416206e-06,0.0021158661778186553,-11.124546909307965
1701944384627598090,-9.804908005991959e-06,0.0021110276384106786,-11.192964678938976
1701944384628849158,-1.0179251953613707e-05,0.0021067881929208855,-11.252857331084357
1701944384630119591,-1.0571403475663706e-05,0.002102482254580991,-11.31366297830649
1701944384631524886,-1.1019821338127123e-05,0.0020977185374566197,-11.380928079113756
1701944384632838013,-1.1451652316072626e-05,0.0020932671729900444,-11.443787959757666
1701944384634003348,-1.1843301429434583e-05,0.0020893170946729555,-11.499572103216774
1701944384635599986,-1.2388703151026658e-05,0.002083905203650516,-11.576001391594522
1701944384636776836,-1.2795172169786744e-05,0.002079916736544227,-11.632333319873561
1701944384638047202,-1.3236626312070086e-05,0.002075612835944136,-11.693138929085874
1701944384639286263,-1.3669734373081686e-05,0.002071417063385799,-11.752449500057262
1701944384640495257,-1.4095463556945633e-05,0.0020673256729169366,-11.810322094640785
1701944384641680290,-1.4516628106496659e-05,0.0020633178843957943,-11.867042023462732
1701944384642981944,-1.4984116819608438e-05,0.002058915785008766,-11.929354048449577
1701944384644228235,2.3651170896022778e-12,-0.0006818749718819649,-12.999991570165601
1701944384645519528,-6.348955500590556e-09,-0.0007630517509891046,-13.149900831309683
1701944384647041718,-1.4764127318357444e-08,-0.0008117573378658944,-13.239835101553796
1701944384648330811,-2.234711502949121e-08,-0.000853007078697191,-13.31599399662124
1701944384649861061,-3.080040379244996e-08,-0.0009019745677169915,-13.406393064023074
1701944384651568334,-4.1533895098905836e-08,-0.0009566155251551594,-13.50725746264503
1701944384653847593,-6.704304168035533e-08,-0.0010295662230231876,-13.641912354833227
1701944384655246623,-9.414115940049563e-08,-0.0010743454803309892,-13.724564545677987
1701944384656679060,-1.3604619146323282e-07,-0.0011201937142213505,-13.8091886722793
1701944384657565162,-1.7036181862908986e-07,-0.001148551459434675,-13.861529426970522
1701944384659358279,-2.598405703858638e-07,-0.0012059466664219231,-13.967464517750162
1701944384660615144,-3.3754321302935075e-07,-0.0012461795284944438,-14.041721897434982
1701944384661961755,-4.3270242267569237e-07,-0.0012892820760978748,-14.121275319371444
1701944384663091827,-5.211644661426516e-07,-0.001325454755923494,-14.188039339207586
1701944384664404263,-6.332902810745977e-07,-0.0013674556147087358,-14.265564473229514
1701944384665854034,-7.691563130374879e-07,-0.0014138551459858416,-14.351216781693866
1701944384667180111,-9.048633977238037e-07,-0.0014562901964298108,-14.42955884873922
1701944384668581390,-1.0602335834081598e-06,-0.0015011331206304709,-14.512351843814052
1701944384669715576,-1.1943408098071204e-06,-0.0015374237963270917,-14.579355288222295
1701944384671299686,-1.391580572916622e-06,-0.001588113932220732,-14.672937553594785
1701944384672485229,-1.5449598187265872e-06,-0.001626051639929747,-14.742969306675878
1701944384673807494,-1.719922827700964e-06,-0.0016683725270815301,-14.82108597253255
1701944384675190524,-1.9060961717642592e-06,-0.0017126403320970923,-14.902794364215266
1701944384676745486,-2.118232240733773e-06,-0.0017624064336162779,-14.99465819889457
1701944384677911340,-2.278672556607679e-06,-0.001799713820233733,-15.06353494660321
1701944384679476715,-2.495218319983345e-06,-0.001849795784747572,-15.156018533357454
1701944384681060689,-2.715411069603914e-06,-0.001900456423429576,-15.249600772172005
1701944384683020740,-2.9897104861028985e-06,-0.0019631199574154466,-15.36539541650639
1701944384684477548,-3.1951652986187966e-06,-0.0020096797409800016,-15.451456149404567
1701944384686558044,-3.4907711511390643e-06,-0.0020761626799410213,-15.574363829474931
1701944384687758683,-3.662350804908395e-06,-0.0021145283355658317,-15.645297021285476
1701944384689232429,-3.874252207339498e-06,-0.0021616168115426763,-15.732357786546768
1701944384691027287,-4.13640345148822e-06,-0.002218976177135895,-15.838405416445202
1701944384692577722,-4.36862151334081e-06,-0.002268519198014495,-15.930001594392758
1701944384694053437,-4.595942584062768e-06,-0.0023156667349210633,-16.01717500225009
1701944384695342997,-4.799233151496123e-06,-0.002356866013733023,-16.09336193417229
1701944384696447290,-4.975354973509246e-06,-0.0023921399972609064,-16.158604650386273
1701944384698055068,-5.2313792112149936e-06,-0.002443476269598819,-16.253581252708866
1701944384699490184,-5.456961722887283e-06,-0.0024892876609662077,-16.33836015722884
1701944384700889940,-5.672774941171745e-06,-0.0025339632422271964,-16.421054447954223
1701944384702553417,-5.923859000139179e-06,-0.002587054519615034,-16.519341068406394
1701944384703884284,-6.1213351594093595e-06,-0.002629520622502567,-16.59796472989209
1701944384705222291,-6.318176234676628e-06,-0.002672213176634226,-16.67701094775019
1701944384706386161,-6.4891687852036845e-06,-0.0027093436964517625,-16.74576087456533
1701944384707935976,-6.7190044049539e-06,-0.002758795750586627,-16.837328846363047
1701944384709289319,-6.9239370803425085e-06,-0.0028019694379200553,-16.9172765154079
1701944384710587403,-7.127025263772543e-06,-0.0028433830173303573,-16.993970497265774
1701944384712113621,-7.377418752235023e-06,-0.002892064036905531,-17.084129936080835
1701944384714112622,-7.728110609004765e-06,-0.002955822529059852,-17.2022203348028
1701944384715869197,-8.058047302538796e-06,-0.0030118542991410505,-17.306000143415208
1701944384717195739,-8.319377378551912e-06,-0.003054168976822572,-17.384370225664796
1701944384718371160,-8.557925198337606e-06,-0.003091664094229049,-17.45381027873364
1701944384720178851,-8.93438323930195e-06,-0.003149331856381611,-17.560604275780584
1701944384721652095,-9.248533056563615e-06,-0.003196330068024764,-17.647636722320456
1701944384723136325,-1.895501464460798e-12,-0.00136363683998499,-17.66666762472265
1701944384724528785,-1.241480364180782e-08,-0.0013884957307896918,-17.836800441989244
1701944384725774595,-2.5847247572454693e-08,-0.0013992628955530912,-17.910473891179883
1701944384727155161,-4.748490874033717e-08,-0.001411199813065078,-17.992128037417643
1701944384728503009,-7.62280094134619e-08,-0.0014228560780348615,-18.071836355165566
1701944384729838953,-1.1280233350567615e-07,-0.0014344119430026742,-18.150839663145522
1701944384730984824,-1.5107651986219145e-07,-0.0014443267521710961,-18.21861922907459
1701944384732187465,-1.9850566174120894e-07,-0.001454729117545474,-18.289740539570136
1701944384733562671,-2.6198428913835236e-07,-0.0014666206130099792,-18.371070381987806
1701944384734820662,-3.282304800588534e-07,-0.0014774920588297195,-18.445462934455865
1701944384736112531,-4.030375889359146e-07,-0.0014886505924704284,-18.52187180906125
1701944384737564001,-4.924521842610156e-07,-0.0015011760381063884,-18.60771369722779
1701944384738728152,-5.66011389447758e-07,-0.0015112117108025088,-18.676550764077554
1701944384740264260,-6.625151563794514e-07,-0.0015244449941354836,-18.767398201009318
1701944384741341080,-7.29044672324266e-07,-0.0015337153896611375,-18.83108869413613
1701944384742967856,-8.284748226722133e-07,-0.0015477090008308258,-18.927294187744085
1701944384744617723,-9.301427729261752e-07,-0.001561891458856586,-19.02486739338616
1701944384746333256,-1.0395665630725343e-06,-0.0015766308158064247,-19.126332241064556
1701944384747785289,-1.1369672746796234e-06,-0.0015890997303047098,-19.212202290772595
1701944384749218624,-1.2390860889477376e-06,-0.0016014068295435665,-19.29697251971324
1701944384750508609,-1.3373653206345224e-06,-0.001612481871736659,-19.37325443822351
1701944384751870749,-1.4490730157036424e-06,-0.0016241791388275873,-19.45380870001029
1701944384753954684,-1.6380226722663268e-06,-0.0016420804197588284,-19.577058255313823
1701944384755445679,-1.7873993063836827e-06,-0.0016548902526237945,-19.665240684147207
1701944384756918918,-1.9467238152532277e-06,-0.0016675455603172603,-19.752365589298822
1701944384758174272,-2.091081445392143e-06,-0.0016783261442905365,-19.82660293603128
1701944384759567138,-2.259272421726825e-06,-0.0016902827041872504,-19.908976065363145
1701944384761169068,-2.461929704500908e-06,-0.001704024521382945,-20.003715023780213
1701944384762343520,-2.616793928770011e-06,-0.0017140920753870386,-20.07317239545178
1701944384763491824,-2.7743671091322698e-06,-0.0017239316083324716,-20.141092849629644
1701944384765244308,-3.02980259809209e-06,-0.0017389385476737562,-20.244729004355165
1701944384766592279,-3.2406968939971206e-06,-0.0017504794715600149,-20.3244512973612
1701944384768078503,-3.489871198938073e-06,-0.0017632034462085994,-20.412351686782007
1701944384769392684,-3.7255596541167317e-06,-0.0017744541071681643,-20.490071764511818
1701944384770874314,-4.008228340978648e-06,-0.0017871390440202218,-20.577690154099194
1701944384772260360,-4.287139829597914e-06,-0.0017990101352011586,-20.659668476336474
1701944384773963239,-4.643977909252881e-06,-0.0018135993101961395,-20.76037179898861
1701944384775882949,-5.058132721361155e-06,-0.0018300600161321363,-20.87390624706674
1701944384777893874,-5.498948145517195e-06,-0.0018473192351522202,-20.99282693395827
1701944384779681850,-5.894394673777285e-06,-0.0018626826188278018,-21.098578063983624
1701944384781039966,-6.197307169245396e-06,-0.0018743587557547784,-21.178892516534003
1701944384782257779,-6.472417894925854e-06,-0.001884832967721242,-21.250916079632134
1701944384784652515,-7.028627487973337e-06,-0.001905428025665968,-21.392537981076984
1701944384786988691,-7.593435769145311e-06,-0.0019255117818029333,-21.53070534694373
1701944384788576221,-7.989609884136465e-06,-0.001939148649223442,-21.624584141342293
1701944384790217628,-8.4082867451858e-06,-0.0019532393479581456,-21.721663664389094
1701944384791779140,-8.813723013620549e-06,-0.0019666304117493473,-21.814005528994215
1701944384793249499,-9.201508178194866e-06,-0.0019792321932025573,-21.900975227131593
1701944384794935093,-9.653139823517587e-06,-0.001993665876991692,-22.000649141595048
1701944384796576593,-1.0100432748360912e-05,-0.002007719658117285,-22.097728613006545
1701944384797970153,-1.0485432371407288e-05,-0.0020196516543852447,-22.180143924759147
1701944384799360598,-1.0873461225826151e-05,-0.002031561769751649,-22.26237592421663
1701944384800644270,-1.1234413751082855e-05,-0.0020425628521615583,-22.338291055033675
1701944384801897118,-1.1589170196650254e-05,-0.0020533059167320024,-22.41238726379891
1701944384803102009,-1.1933292186986468e-05,-0.0020636422753174794,-22.483649342556927
1701944384804772011,-1.2416631042996296e-05,-0.002077971149609855,-22.582406679241583
1701944384806808862,-1.3017256969901566e-05,-0.0020954549648208513,-22.702878215649587
1701944384808780168,-1.3607828983092384e-05,-0.0021123771630726274,-22.819458109339994
1701944384810339531,-1.4077696112644165e-05,-0.0021257641134696864,-22.911672971234367
1701944384811821498,-1.4521862537026505e-05,-0.002138487984742926,-22.999319388769464
1701944384813305966,-1.4960380143650313e-05,-0.002151230840001884,-23.087106806516527
1701944384814748565,-1.5378543158498993e-05,-0.0021636123416089526,-23.17242670040602
1701944384816071906,-1.5755721406852303e-05,-0.00217496680047616,-23.250696528115366
1701944384817365673,-1.6120893518870768e-05,-0.0021860614693582168,-23.327203839141493
1701944384818769610,-1.651731686822644e-05,-0.0021980983400039927,-23.410239510531746
1701944384819983114,-1.686305194656965e-05,-0.0022084963000489903,-23.481995076446783
1701944384821328391,-1.7252621267458987e-05,-0.0022200216328149523,-23.56156211316398
1701944384822774985,-1.768021862822637e-05,-0.0022324063641739876,-23.647107602285242
1701944384824095143,-1.8078726742418976e-05,-0.002243704196246655,-23.725194119453104
1701944384825593586,-1.8539930692186865e-05,-0.002256515373120439,-23.813799329469024
1701944384827062286,-1.9000412063227548e-05,-0.0022690680323990925,-23.900670219899176
1701944384828317596,-3.5845381296441964e-12,-0.00034093995987860646,-19.66669848910313
1701944384829798499,-9.623261819438652e-09,-0.00031432973233362974,-19.71872628456914
1701944384831236350,-2.131490043321141e-08,-0.00030034027694153764,-19.746068527182686
1701944384832487999,-3.358084825096053e-08,-0.0002881611779749312,-19.769870011911284
1701944384833868044,-4.9049158218090796e-08,-0.0002747335285736286,-19.796110578249117
1701944384835361955,-7.009708318121495e-08,-0.0002601969428625944,-19.82451820784863
1701944384837342043,-1.1171557638245577e-07,-0.00024093080572543097,-19.862169869058196
1701944384839304352,-1.7602673482460847e-07,-0.00022183781212037487,-19.899486031520254
1701944384840645288,-2.3642881467571944e-07,-0.00020879307327066602,-19.924983059252817
1701944384841981441,-3.1094332687546027e-07,-0.00019579529931697162,-19.95038940780035
1701944384843369700,-4.023485781417768e-07,-0.00018229017030421172,-19.976788609318902
1701944384844722812,-5.029603564682191e-07,-0.0001691295657281006,-20.002516829851533
1701944384846000499,-6.065656838948675e-07,-0.00015670444704993095,-20.02681242498532
1701944384847486277,-7.361992032792125e-07,-0.0001422609476252777,-20.05506585247887
1701944384849121296,-8.896707773924326e-07,-0.00012637531625495668,-20.086157310486623
1701944384850653819,-1.0434840561388882e-06,-0.00011149325117805432,-20.1152993130675
1701944384851974322,-1.1832425769374357e-06,-9.867536509484907e-05,-20.14040640439189
1701944384853537955,-1.356634111773264e-06,-8.349487473306656e-05,-20.17014229902196
1701944384854805281,-1.5033200161495998e-06,-7.11916338363485e-05,-20.19423838918135
1701944384856088222,-1.6584933992061125e-06,-5.8732120725720605e-05,-20.218633693639934
1701944384857442588,-1.8320295390622312e-06,-4.557348695669156e-05,-20.24438907386292
1701944384859045228,-2.0542193325188377e-06,-2.999839093755482e-05,-20.274863923756207
1701944384860372288,-2.254128561372148e-06,-1.709893642265863e-05,-20.30009792603148
1701944384861576632,-2.4484768281211047e-06,-5.39251250615979e-06,-20.322997118952305
1701944384863051696,-2.701913334263801e-06,8.945401992083237e-06,-20.35104646722368
1701944384864223347,-2.913741072101449e-06,2.0331618829553097e-05,-20.373324541751426
1701944384865721828,-3.1960566292140205e-06,3.489515337613999e-05,-20.401822694133266
1701944384867730478,-3.5926102121374865e-06,5.441046255154679e-05,-20.44001364361537
1701944384870304469,-4.1316622148997964e-06,7.942290931196423e-05,-20.4889627655368
1701944384871910067,-4.48645595122258e-06,9.502368986368221e-05,-20.519491911511402
1701944384873310902,-4.808777249914246e-06,0.00010863516637334528,-20.546126698744505
1701944384874830656,-5.172546823841239e-06,0.00012340583021311046,-20.575028265192497
1701944384876017415,-5.466273789594344e-06,0.00013493783869839306,-20.597591880897635
1701944384877246298,-5.778125159195487e-06,0.00014688243361077352,-20.620962468201675
1701944384878583492,-6.124016669530508e-06,0.00015987602787670868,-20.64638676146966
1701944384879993483,-6.494075883746918e-06,0.0001735765910774279,-20.673198325841103
1701944384881525404,-6.900931769415789e-06,0.000188459834144117,-20.70233107850007
1701944384882896300,-7.2691303893520045e-06,0.00020177230523369443,-20.72839459952254
1701944384884335013,-7.66092922779927e-06,0.00021574599860061717,-20.75575472168953
1701944384885896727,-8.094001107071863e-06,0.0002309140502637649,-20.785449633017453
1701944384887490866,-8.546119551523794e-06,0.00024640276649410186,-20.815761107912742
1701944384888815557,-8.930142964214114e-06,0.00025928295637786986,-20.840954175249205
1701944384890435158,-9.409126034807474e-06,0.0002750386289252192,-20.871750734569197
1701944384892275586,-9.964709179085189e-06,0.0002929560817538032,-20.906745373451724
1701944384893925515,-1.0472617415754122e-05,0.000309029754356039,-20.938117678202502
1701944384896439562,-1.1267728399653696e-05,0.0003335394805363971,-20.985924149859752
1701944384898043948,-1.1791106594074937e-05,0.0003491895641961521,-21.01643050976782
1701944384899718875,-1.2353481846834236e-05,0.0003655379093881932,-21.048278789636715
1701944384901127021,-1.2838866812705259e-05,0.00037929370671219685,-21.07505853438162
1701944384902360681,-1.32715631598698e-05,0.00039135004329841124,-21.098515171098743
1701944384904359122,-1.3981126610931771e-05,0.000410895113146384,-21.13651545424669
1701944384905526479,-1.4398343627329968e-05,0.00042231795290792164,-21.158711748345812
1701944384907159946,-1.498291008703081e-05,0.0004383084995539594,-21.189775674205716
1701944384908671070,-1.5523724908385086e-05,0.0004531010885224048,-21.218509347356058
1701944384909921773,-1.5971801005584208e-05,0.0004653445978049077,-21.242292374394562
1701944384911324830,-1.6475732648689842e-05,0.00047907609510138395,-21.268967804078887
1701944384912480980,-1.6892563948249e-05,0.0004903942625658689,-21.290955534164816
1701944384913855784,-1.73898366893678e-05,0.0005038513399533035,-21.317095990892398
1701944384915342506,-1.7929927711052e-05,0.0005184083877188361,-21.345367206119548
1701944384916608387,-1.8392455877326705e-05,0.0005308040763307867,-21.369435811534117
1701944384917962302,-1.889164636896014e-05,0.000544065001534406,-21.39518182015182
1701944384919406172,-1.9430672454399495e-05,0.000558205673196357,-21.42263696576653
1701944384920638783,-1.9897205797191604e-05,0.0005702757520945713,-21.44607538410369
1701944384922025735,-2.043017944149817e-05,0.0005838539637764298,-21.472446999615208
1701944384923487064,-2.100258428963185e-05,0.0005981589254331597,-21.500233077171544
1701944384924660076,-2.1471626043737645e-05,0.0006096425327032904,-21.52253810230543
1701944384926001066,-2.2020108743332968e-05,0.0006227743139257976,-21.54803927548573
1701944384927887716,-2.2814841801061853e-05,0.0006412553634408305,-21.583913195243756
1701944384929226796,-2.3394263366555964e-05,0.0006543806066466888,-21.609378103236242
1701944384930873610,-2.4119761716267963e-05,0.0006705277860241889,-21.64069127956971
1701944384932193774,-2.470822852772124e-05,0.0006834774408914508,-21.665793499025515
1701944384933481799,-2.5285036381698533e-05,0.0006961148355324738,-21.69028368347449
1701944384934859503,-2.5902593229950088e-05,0.000709637548027759,-21.71648300184545
1701944384936323631,-2.6557899164752736e-05,0.0007240118170007549,-21.744323447367375
1701944384937839742,-3.984479270775689e-12,0.0010228154859672023,-20.666675531493713
1701944384939258019,1.5276517258679208e-09,0.0010593667832282327,-20.693469178896002
1701944384940185815,2.210172587934425e-09,0.0010709266796578556,-20.701939601878596
1701944384941732807,1.8033145032407694e-10,0.0010902074878425718,-20.716065675092377
1701944384942904402,-6.154240694792787e-09,0.001104808620486498,-20.726763086019833
1701944384944261176,-2.1839402866775674e-08,0.0011217135535177315,-20.739149788125793
1701944384945612275,-4.854296457693326e-08,0.001138547621880543,-20.751486418518795
1701944384947128022,-9.30893564551105e-08,0.0011574322105906381,-20.765327301093162
1701944384948364137,-1.4113808115489102e-07,0.0011728290534006027,-20.776612472719666
1701944384949861537,-2.1324617798436656e-07,0.0011914842662925087,-20.79028572576003
1701944384951087414,-2.8304611042927043e-07,0.0012067569067344761,-20.801479459692185
1701944384952506134,-3.745933882044981e-07,0.0012244291304546484,-20.81443214177688
1701944384954063261,-4.861515444592259e-07,0.0012438247234354443,-20.82864960909086
1701944384955430205,-5.912768499984708e-07,0.0012608497783494347,-20.84113206564753
1701944384957072269,-7.233179152319117e-07,0.0012812922974746073,-20.85612450330677
1701944384958705377,-8.595465065802919e-07,0.0013016183203956176,-20.87103638607322
1701944384960295181,-9.972718583754039e-07,0.0013213984237867669,-20.88555206056248
1701944384962083908,-1.1597096964119893e-06,0.0013436462105234342,-20.901883272295546
1701944384963660613,-1.310048878090936e-06,0.0013632548847001037,-20.91628137659001
1701944384965225749,-1.4652967550580005e-06,0.0013827094268891618,-20.93057063109009
1701944384966450592,-1.5902730758332686e-06,0.0013979332296939551,-20.941755607214972
1701944384967912376,-1.7426884481582229e-06,0.001416094891845277,-20.955102258524086
1701944384969894616,-1.955434128501059e-06,0.00144071802656858,-20.97320111463375
1701944384971501841,-2.1340543213529775e-06,0.0014606802171165537,-20.987875691059358
1701944384973025077,-2.3097307190777198e-06,0.0014795997086727284,-21.001783997433243
1701944384974495300,-2.4866191943675284e-06,0.00149786164987718,-21.015209030588053
1701944384975925051,-2.6672545141926676e-06,0.0015156157634869639,-21.028261810363322
1701944384977329000,-2.8549116622788845e-06,0.0015330496605328867,-21.041081656182648
1701944384978732758,-3.054105062094477e-06,0.0015504759604911297,-21.05389931805394
1701944384980140529,-3.265517796644979e-06,0.0015679454070355106,-21.066751801305504
1701944384981590517,-3.4939464012984938e-06,0.001585938983590295,-21.07999176369484
1701944384983097761,-3.7399880716864764e-06,0.00160464166459732,-21.09375417140777
1701944384984382835,-3.954419936397657e-06,0.0016205867032362937,-21.105487690496393
1701944384985748238,-4.185184490163285e-06,0.001637527166416578,-21.1179548151297
1701944384987099271,-4.415983780996179e-06,0.0016542843051251435,-21.130289137394147
1701944384988568101,-4.6704398051640394e-06,0.0016725017172015248,-21.143701014447494
1701944384990048707,-4.93186858909165e-06,0.0016908616666407269,-21.157219549596704
1701944384991836188,-5.255876899041798e-06,0.0017130274988462217,-21.173539741371318
1701944384993667154,-5.598764214147753e-06,0.0017357390797859834,-21.190258294661696
1701944384995200977,-5.895320178572459e-06,0.0017547676966251818,-21.204262252462353
1701944384996376391,-6.128719123155753e-06,0.001769352454924936,-21.21499433452286
1701944384997759751,-6.410623770299957e-06,0.001786519164087385,-21.227626839562014
1701944384999339595,-6.74244750463642e-06,0.0018061159651958474,-21.242050921273602
1701944385000849870,-7.070131746829057e-06,0.0018248456222783004,-21.255841522611146
1701944385002774498,-7.503256124999076e-06,0.0018487023887770995,-21.27341337721727
1701944385004471208,-7.900173876806486e-06,0.0018697323729089488,-21.288906299106674
1701944385006184641,-8.316065253242327e-06,0.0018909676539499013,-21.30454942660008
1701944385007746787,-8.709647598347012e-06,0.001910334894508017,-21.31881240830252
1701944385009260505,-9.104942398980631e-06,0.0019291096512593503,-21.332633483392087
1701944385010732629,-9.501656639280796e-06,0.0019473777368102534,-21.346075779790528
1701944385012002255,-9.851009153691008e-06,0.0019631368159351735,-21.357667717805565
1701944385013217525,-1.0188352872048933e-05,0.0019782245813607146,-21.36876332188384
1701944385014689275,-1.0596679251966556e-05,0.0019964992958427566,-21.382201253543567
1701944385015994166,-1.0956995759126658e-05,0.002012701325250928,-21.394115358203596
1701944385017386552,-1.1340829469760652e-05,0.002029987462417973,-21.406828374750315
1701944385018783460,-1.1728768945654948e-05,0.0020473291995828993,-21.419584922549916
1701944385020350569,-1.2172138709075052e-05,0.0020667732819642827,-21.433891404584124
1701944385022356588,-1.2757367169392423e-05,0.002091660958701189,-21.452207694914048
1701944385024308094,-1.33459442654148e-05,0.0021158701600499817,-21.470027644481082
1701944385025516485,-1.3718388545439942e-05,0.002130857998127634,-21.481060074007306
1701944385026949293,-1.4165328488736392e-05,0.002148634122500364,-21.49414312241846
1701944385028321233,-1.4597012609769765e-05,0.0021656573844719834,-21.50666888840423
1701944385029583420,-1.4997274030737345e-05,0.0021813243378897003,-21.518193289140992
1701944385030888569,-1.5415439546489904e-05,0.0021975286432869686,-21.53010952740483
1701944385032207556,-1.5844333289208934e-05,0.002213908934931142,-21.542152023255255
1701944385033444058,-1.6253724159813686e-05,0.002229271048407261,-21.553443493823792
1701944385034738623,-1.6690639163640046e-05,0.002245352998717194,-21.565261766316787
1701944385035976572,-1.7116733611021543e-05,0.0022607387900620644,-21.576566292184232
1701944385037253124,-1.756376860140409e-05,0.0022766048042661396,-21.588221291204615
1701944385038601170,-1.8042931168094333e-05,0.0022933637672746467,-21.60052934826457
1701944385040036699,-1.8559212867868656e-05,0.0023112153573416187,-21.613636313444093
1701944385041417805,-1.906025452000535e-05,0.0023283958776830443,-21.62624694690603
1701944385042772872,-1.9555054194213202e-05,0.0023452552182931428,-21.63861812164856
1701944385044169923,-2.0068441014146587e-05,0.0023626456361048767,-21.651374601983854
1701944385045543534,-2.0576440357521936e-05,0.002379749236670472,-21.663915571801635
1701944385046930993,-2.1093271774654555e-05,0.00239703596690767,-21.6765849774495
1701944385048156650,-1.4395521009773465e-12,0.002045572044733024,-21.000004656013964
1701944385049455348,-7.501630270279202e-09,0.002068988094711317,-21.00763247266411
1701944385051082035,-2.088872745242675e-08,0.0020840886835730836,-21.012547900152406
1701944385053158428,-4.9401785783023014e-08,0.0021033683751489865,-21.018822027856704
1701944385055232062,-9.037846544077531e-08,0.002122620242460518,-21.02508749027094
1701944385056508184,-1.2038420988089957e-07,0.002134467145340397,-21.028943868012192
1701944385057837398,-1.5257991087182872e-07,0.002146803271751278,-21.032960168397043
1701944385059134818,-1.8225695779809357e-07,0.0021588422346192305,-21.036879926096454
1701944385060356132,-2.0731882031345697e-07,0.0021701784169897037,-21.040570588373427
1701944385061617678,-2.3075930776785274e-07,0.0021818878678008225,-21.04438227657369
1701944385062686999,-2.5008483662679283e-07,0.002191814480529053,-21.047613312761044
1701944385063774194,-2.709427860571167e-07,0.0022019071295517716,-21.050898378093915
1701944385065349836,-3.055082716644947e-07,0.0022165332034074056,-21.05565955773912
1701944385066559942,-3.359079743566519e-07,0.002227764600107228,-21.059316346926757
1701944385068189106,-3.812777639748763e-07,0.002242880512104626,-21.064238884160357
1701944385069427599,-4.1838069790634686e-07,0.002254368726953999,-21.067980668065317
1701944385070980804,-4.672824863007806e-07,0.0022687774443385495,-21.072674098367074
1701944385072092492,-5.040139247195946e-07,0.00227908973226436,-21.076033335935602
1701944385073339152,-5.477876694406327e-07,0.0022906537413297187,-21.079800318589324
1701944385074637415,-5.974383045728894e-07,0.0023026963109610706,-21.08372290780707
1701944385076025534,-6.562736208713268e-07,0.0023155749879919165,-21.08791709165956
1701944385077643055,-7.333506364699315e-07,0.002330588248663556,-21.09280503035073
1701944385078718586,-7.899431353210193e-07,0.002340572575668568,-21.0960547758805
1701944385080037564,-8.652320711850167e-07,0.0023528194177724025,-21.100040058431965
1701944385081821986,-9.769235956970724e-07,0.002369392393979072,-21.10543157460593
1701944385083555519,-1.0952938262298737e-06,0.002385500239514384,-21.110669641608013
1701944385085336005,-1.2255453187853984e-06,0.0024020536811898215,-21.116049619634854
1701944385087153704,-1.366412704025786e-06,0.002418964836908826,-21.121541966749984
1701944385088531999,-1.4784923905971288e-06,0.0024317967609856555,-21.125706601753446
1701944385089873269,-1.5927199037787906e-06,0.002444291804837541,-21.1297595665441
1701944385091500338,-1.7396121835587456e-06,0.0024594557901423397,-21.13467556116744
1701944385093018125,-1.8855118472644387e-06,0.0024736085668115265,-21.139261607809686
1701944385094677919,-2.053925685144185e-06,0.0024890915667174136,-21.144277006237232
1701944385096008128,-2.1940851106546593e-06,0.0025015017163222465,-21.14829609326946
1701944385097176250,-2.319959025754642e-06,0.0025124028934322925,-21.15182602884392
1701944385098743027,-2.4930233257524155e-06,0.0025270228119423804,-21.156559739731122
1701944385100152805,-2.6547224706930764e-06,0.0025401793906772276,-21.160819426385444
1701944385101910913,-2.8681395334751256e-06,0.0025565870889077483,-21.16613160191984
1701944385103210914,-3.0359719522771883e-06,0.0025687205667327398,-21.17005989910464
1701944385105001561,-3.2816823026998155e-06,0.002585431498142582,-21.17547003655554
1701944385106219935,-3.457799732981934e-06,0.0025968049395628584,-21.17915195101583
1701944385107501301,-3.6491075348509542e-06,0.0026087649109587815,-21.183023322721418
1701944385109396923,-3.9409156386323414e-06,0.002626463238771954,-21.18875112489849
1701944385110880157,-4.176076524171084e-06,0.0026403128232319333,-21.19323264502019
1701944385112286690,-4.406000171652598e-06,0.0026534476870592374,-21.197482912151486
1701944385114195631,-4.733557431108195e-06,0.0026712663442269957,-21.203250297088896
1701944385116070597,-5.078411338766798e-06,0.002688759338439126,-21.208915379299572
1701944385117558784,-5.372440190989859e-06,0.0027026353088518786,-21.213411999784334
1701944385120064393,-5.915131027747716e-06,0.002725980467644426,-21.22098320839047
1701944385121271514,-6.198467751338995e-06,0.0027372193086796725,-21.224630499893298
1701944385122916718,-6.605807582764627e-06,0.002752532039749701,-21.229601130482294
1701944385124337590,-6.974878195154746e-06,0.0027657576277566242,-21.233894598376633
1701944385125681328,-7.335909623614606e-06,0.0027782649180734895,-21.237954656515186
1701944385126803996,-7.645059783350136e-06,0.0027887157633480304,-21.24134691698251
1701944385127878063,-7.946650383327623e-06,0.002798712026529039,-21.24459149490978
1701944385129639263,-8.455371073010167e-06,0.002815107293611947,-21.24991291152477
1701944385130649238,-8.756275710367476e-06,0.00282451150552797,-21.252965140758416
1701944385132203243,-9.23489852201418e-06,0.0028389791526122754,-21.25766054310167
1701944385133663726,-9.702626959974796e-06,0.002852574873338009,-21.26207283590555
1701944385135232012,-1.0223031073698336e-05,0.0028671752881779078,-21.26681145442367
1701944385136385022,-1.0615947385512966e-05,0.002877907593562939,-21.270295177660238
1701944385137801825,-1.110770694765056e-05,0.0028910934413770807,-21.274576346196792
1701944385139198778,-1.1598920235656612e-05,0.0029040892640647105,-21.278796993941995
1701944385140604350,-1.2095738778776036e-05,0.002917162529439924,-21.283043564959577
1701944385141950332,-1.2570095498290133e-05,0.002929683756840297,-21.28711075526826
1701944385143484451,-1.31041925076504e-05,0.0029439562309071573,-21.29174558502516
1701944385145142417,-1.3670186880053483e-05,0.002959389246294809,-21.29675499511866
1701944385146903475,-1.4257868169252669e-05,0.0029757917587833658,-21.302076313744557
1701944385148577277,-1.4805797701595362e-05,0.0029913862843624155,-21.30713325144495
1701944385150040226,-1.527991352659995e-05,0.0030050209999787016,-21.31155338270611
1701944385151488890,-1.5748988541030896e-05,0.003018524286838115,-21.315930284381302
1701944385153584051,-1.6432899326490883e-05,0.003038054534571522,-21.32226078187032
1701944385155091290,1.247767958157146e-12,0.0020455725091074435,-15.3333747779496
1701944385156675033,-1.2242995803215193e-08,0.0020455675111616858,-15.169573996797482
1701944385157983892,-2.4640254783137066e-08,0.0020455620351858203,-15.100225541572684
1701944385159343450,-4.094828686811034e-08,0.0020455546790220085,-15.028173381815654
1701944385160673150,-5.812218073069926e-08,0.002045547371209399,-14.957713106053566
1701944385161971287,-7.36410902925233e-08,0.0020455418611515274,-14.88892052261977
1701944385163307556,-8.675597192427399e-08,0.002045539184381905,-14.818106483128373
1701944385164715126,-9.797372270273996e-08,0.0020455401779328783,-14.743527487089674
1701944385166104173,-1.0917817042828548e-07,0.0020455446177432435,-14.669921317414182
1701944385167499389,-1.2419920114029256e-07,0.0020455515677884457,-14.595986663166666
1701944385168836941,-1.4438514242202645e-07,0.0020455597687699515,-14.525109457185723
1701944385170202398,-1.7078772521421015e-07,0.0020455695495924693,-14.452741428000792
1701944385171750561,-2.0516667642787516e-07,0.0020455830893780368,-14.370708322032943
1701944385172928843,-2.324227913649479e-07,0.0020455957691562715,-14.308270677451297
1701944385174369566,-2.650520142629264e-07,0.0020456144263316265,-14.23192290316388
1701944385176181896,-3.0484217390467e-07,0.0020456414705389493,-14.13589122131099
1701944385177738028,-3.390205624933428e-07,0.0020456653011909766,-14.05342854504455
1701944385179528069,-3.802169372553867e-07,0.0020456886353997024,-13.958571829756243
1701944385181124918,-4.198963141139307e-07,0.0020457020762419584,-13.87394872290719
1701944385182455922,-4.5591969352507527e-07,0.0020457058651783045,-13.803412620627192
1701944385183847004,-4.973251545284389e-07,0.0020457015039319483,-13.72970536113301
1701944385185337179,-5.467720765167001e-07,0.0020456872142492325,-13.6507423195763
1701944385187248943,-6.182636521136416e-07,0.0020456551404676804,-13.54942957554728
1701944385188483630,-6.687404883768111e-07,0.002045627034587966,-13.483997637168562
1701944385189844535,-7.269964174411346e-07,0.0020455908211264905,-13.411882266002515
1701944385191036146,-7.794740389849793e-07,0.002045555739068462,-13.348737097268566
1701944385192306587,-8.368119451398584e-07,0.002045516048588052,-13.281422680998629
1701944385193580467,-8.963690742983978e-07,0.0020454752192292473,-13.213918755171486
1701944385194918081,-9.618113996431888e-07,0.002045433369572613,-13.143028895437057
1701944385196113486,-1.022716076397579e-06,0.0020453988401452797,-13.079681585578951
1701944385197478886,-1.0938780757512558e-06,0.002045364291657222,-13.007338805374363
1701944385199099630,-1.1782323910236245e-06,0.0020453292971478686,-12.921452283516045
1701944385200555768,-1.2521200628942012e-06,0.002045300724936798,-12.844283282191084
1701944385201693784,-1.3079595957586286e-06,0.0020452780758021707,-12.783980788106511
1701944385203081800,-1.374008159453736e-06,0.0020452482930670337,-12.710425140110612
1701944385204518070,-1.4409700424222275e-06,0.0020452152139763995,-12.634317409604462
1701944385206547671,-1.536157845263784e-06,0.0020451679383933557,-12.526763443717792
1701944385208449941,-1.6294336639792803e-06,0.00204512717775765,-12.425968715084187
1701944385210151887,-1.7202758031016896e-06,0.0020450971449400917,-12.335773983739779
1701944385211387671,-1.7933433214122206e-06,0.002045080489940536,-12.27029152147068
1701944385212844050,-1.8906890810224164e-06,0.0020450664667736127,-12.1931098941651
1701944385214129649,-1.9884312992858275e-06,0.0020450576758721238,-12.124986902673239
1701944385215580181,-2.112028058679517e-06,0.0020450484171050417,-12.04812111871223
1701944385216912019,-2.2360298084645747e-06,0.0020450373870650237,-11.977547104941078
1701944385218304626,-2.3732616675440363e-06,0.002045020751254342,-11.903751393990008
1701944385219484094,-2.4932744998615226e-06,0.002045002181536209,-11.841250554836996
1701944385220864610,-2.6360180184162597e-06,0.0020449768186619538,-11.768099175163421
1701944385222205260,-2.77620373789946e-06,0.002044951226729436,-11.697057685072645
1701944385223569270,-2.920811053541599e-06,0.0020449275494991005,-11.624778050468112
1701944385224879475,-3.06279048017224e-06,0.002044909467082789,-11.555341082798677
1701944385226216270,-3.2119547003990435e-06,0.002044896935876918,-11.484501727813836
1701944385227668724,-3.3795578196317466e-06,0.0020448900120445352,-11.407534835687812
1701944385229118269,-3.552485843040388e-06,0.002044889046534817,-11.330719551608423
1701944385230656682,-3.7422085955589336e-06,0.0020448928433986656,-11.249204384998363
1701944385231839340,-3.8930299634604575e-06,0.0020448980015251093,-11.186526650801843
1701944385233340890,-4.09264050813929e-06,0.0020449059167389873,-11.106957134010361
1701944385234645162,-4.275047080819124e-06,0.0020449132427713054,-11.037848645068348
1701944385235896120,-4.458865079585753e-06,0.002044919827069457,-10.971557557834153
1701944385237370438,-4.686300882470307e-06,0.0020449255082532606,-10.893428324355137
1701944385239239612,-4.9897889079741884e-06,0.0020449268726568195,-10.794377032325661
1701944385241571634,-5.390355836560509e-06,0.0020449169107399643,-10.6708029685172
1701944385242968868,-5.641482515421546e-06,0.002044904976856946,-10.596767186840086
1701944385244260497,-5.880222200336805e-06,0.002044891631707761,-10.528315677222722
1701944385245394951,-6.0938661402932765e-06,0.002044879728770085,-10.468202670592477
1701944385246727549,-6.34767147565454e-06,0.0020448669610944486,-10.397590735503973
1701944385247932933,-6.578658460430732e-06,0.002044856484997125,-10.33371277058553
1701944385249257371,-6.8332904849070885e-06,0.002044844633960622,-10.263530391351605
1701944385250501797,-7.073872239218505e-06,0.0020448312165127153,-10.197580428063732
1701944385251790844,-7.326113601701295e-06,0.0020448131924213427,-10.12928051681113
1701944385253017157,-7.571387184135054e-06,0.002044791529691785,-10.064290730846551
1701944385254190087,-7.812969244583723e-06,0.0020447672958011738,-10.002143609774128
1701944385255533062,-8.100119895007819e-06,0.002044737408322552,-9.930975737144072
1701944385256735704,-8.367585754537334e-06,0.0020447110173602953,-9.867236709483873
1701944385257903644,-8.636401931427597e-06,0.002044687864671813,-9.805354891667935
1701944385259174445,-8.937715155261753e-06,0.002044666701529116,-9.73801514106303
1701944385260379280,4.365845113205101e-12,0.0020455718038437285,-9.666666427021966
1701944385261588656,-7.809767880541746e-09,0.002045578189188678,-9.536731305730916
1701944385262895016,-1.606668986551668e-08,0.002045586224438498,-9.466412868251206
1701944385264142304,-2.1635624353218412e-08,0.0020455954705180727,-9.399289554264588
1701944385265445034,-2.2022018305903344e-08,0.002045605851090218,-9.32917642099181
1701944385266719195,-1.687580713728613e-08,0.0020456160657780576,-9.26060310622253
1701944385268029202,-8.514730962103414e-09,0.002045625908258713,-9.190092184529181
1701944385269456183,-5.380267143641847e-10,0.0020456350789479468,-9.113293665793377
1701944385271451499,9.100571360418454e-10,0.0020456446546603863,-9.0059040611506
1701944385273493763,-1.389657734735265e-08,0.002045651749511044,-8.895986590122444
1701944385274862326,-3.324141879002164e-08,0.0020456567079345338,-8.822331878415502
1701944385276173313,-5.6888728457117834e-08,0.002045664054981462,-8.751769640065234
1701944385277475668,-8.251467052935721e-08,0.002045676130458156,-8.681682181248291
1701944385278765823,-1.074704688460436e-07,0.0020456940926196635,-8.6122363153995
1701944385280037526,-1.3005645247679626e-07,0.002045717273718517,-8.543791333133607
1701944385281306808,-1.5010545776973724e-07,0.00204574378377447,-8.475487500822622
1701944385282685224,-1.6993821460996924e-07,0.002045773039151589,-8.401293856840779
1701944385284091843,-1.9083527108188242e-07,0.00204580045877536,-8.325586054136567
1701944385285370451,-2.143061483534579e-07,0.002045822378775701,-8.256781774093374
1701944385286745984,-2.4967260873227377e-07,0.002045844165662643,-8.182742105134986
1701944385288053935,-2.971340545864726e-07,0.0020458655586124436,-8.112346675582462
1701944385289293369,-3.5650005949039433e-07,0.0020458882084717816,-8.04564681316454
1701944385290659544,-4.374591464821863e-07,0.002045916146671721,-7.9721204152089085
1701944385293015284,-6.063894180168138e-07,0.0020459681954967885,-7.845329076789049
1701944385294048421,-6.893248724044879e-07,0.002045991507405803,-7.789728742806862
1701944385295985629,-8.503449846115519e-07,0.0020460338715495457,-7.68545725719594
1701944385297225284,-9.547519016444024e-07,0.002046060249644675,-7.618744545193302
1701944385298661284,-1.0753303530518693e-06,0.002046091766051249,-7.541458396482885
1701944385299681542,-1.1607890539561295e-06,0.002046115912259941,-7.486550967893005
1701944385301478567,-1.3132090330530592e-06,0.0020461637936169475,-7.3898245825039135
1701944385303757292,-1.5157142517032403e-06,0.002046232489092928,-7.267190718584365
1701944385305552699,-1.6881051754260205e-06,0.0020462892989470674,-7.170554156908799
1701944385307207195,-1.8624275471118814e-06,0.002046339573076075,-7.081514043507211
1701944385308818095,-2.0510293832976015e-06,0.0020463831743552903,-6.994809325063056
1701944385310433030,-2.262197722870391e-06,0.002046418587052142,-6.907899297621165
1701944385311926235,-2.4787328949844875e-06,0.002046441823405046,-6.827533506603193
1701944385313624055,-2.7496539979645876e-06,0.002046456128491704,-6.736145167046523
1701944385315155292,-3.014994476108603e-06,0.002046459247534058,-6.653739110997253
1701944385316485063,-3.2599674502356395e-06,0.0020464569491971322,-6.582163123008857
1701944385317969688,-3.5475577764789606e-06,0.0020464527682161684,-6.502259269800368
1701944385319392165,-3.836055238563368e-06,0.0020464507000500926,-6.425704522931353
1701944385320870402,-4.148855756598259e-06,0.002046454013162897,-6.346147121736563
1701944385322585308,-4.52823279056655e-06,0.0020464678377484272,-6.25384769805887
1701944385323897770,-4.830665328194459e-06,0.002046486014888933,-6.183208414590015
1701944385325361235,-5.1807402907091585e-06,0.0020465119447398102,-6.104446569612652
1701944385326625803,-5.494618165524227e-06,0.002046536090416948,-6.036386474960142
1701944385328125065,-5.880228784066143e-06,0.002046561922588413,-5.955699839990893
1701944385329535339,-6.254920490395908e-06,0.0020465801707975967,-5.879799476356572
1701944385330921131,-6.632027566332328e-06,0.002046590860999786,-5.805207955500703
1701944385332815684,-7.157602498946952e-06,0.0020465947673622836,-5.70324610042743
1701944385334633306,-7.670370278227324e-06,0.0020465901343372167,-5.6054160956404
1701944385337346883,-8.449679377497828e-06,0.0020465777093755765,-5.459376840229697
1701944385338859755,-8.892101322971008e-06,0.002046571110783949,-5.377945939846951
1701944385340252103,-9.30572134348113e-06,0.002046567095467863,-5.30300795902259
1701944385341859295,-9.792445010063793e-06,0.002046565334987433,-5.216508493281139
1701944385343223956,-1.0213805768186873e-05,0.0020465660767846863,-5.143059020980461
1701944385344635962,-1.0656736402343126e-05,0.0020465691933348176,-5.067068848835985
1701944385346129453,-1.1131774800541384e-05,0.0020465762671722965,-4.9866901884057055
1701944385347603468,-1.1606612525667506e-05,0.002046588811904021,-4.907350905029276
1701944385349206040,-1.2129723353568494e-05,0.0020466104676290014,-4.821108084310243
1701944385350612235,-1.2595542434378619e-05,0.002046636805332705,-4.74542586443377
1701944385352183399,-1.3124767113325456e-05,0.002046673364196418,-4.660864000568672
1701944385353377048,-1.353356824886971e-05,0.0020467048906646977,-4.596614943089863
1701944385354949042,-1.4080325479132787e-05,0.002046749027879784,-4.51201456779676
1701944385356222812,-1.4529430062460383e-05,0.002046786025301708,-4.443453994223057
1701944385357580104,-1.501255374040853e-05,0.002046826407233551,-4.370402263144513
1701944385358856040,-1.5470729431368124e-05,0.0020468657693023017,-4.301739015093196
1701944385360288524,-1.5990905240840114e-05,0.002046912868944701,-4.224632396286382
1701944385361807100,-1.655036086887237e-05,0.002046967943800202,-4.142906299380878
1701944385363336989,-1.7124031941751887e-05,0.0020470307666199733,-4.060564266996787
1701944385365014644,-1.7766612117415883e-05,0.0020471101801220783,-3.9702793124812827
1701944385366644478,-1.840729190596949e-05,0.0020471993911762155,-3.8825607312418495
1701944385367969842,-1.8942773718067963e-05,0.002047281350491188,-3.811228435040972
1701944385369520964,4.2657419751460784e-12,0.001022816421827233,-5.66665309732547
1701944385371373545,-5.449750892464519e-08,0.0009909455035429385,-5.541900511197387
1701944385372894679,-1.1418473176778917e-07,0.0009767187003891014,-5.486152002266785
1701944385374200181,-1.817774951666023e-07,0.0009645137980951024,-5.43831139309377
1701944385375794030,-2.801517518622857e-07,0.0009496097916303607,-5.379897789332636
1701944385376903952,-3.55955954597973e-07,0.0009392249659834895,-5.339213608206466
1701944385378223071,-4.5059005584456565e-07,0.0009268766117834953,-5.2908661879022825
1701944385379561463,-5.507503097256389e-07,0.0009143414570368912,-5.241819721613404
1701944385380963611,-6.612271044199167e-07,0.0009012010355057115,-5.190431460851269
1701944385382543488,-7.948783971932038e-07,0.0008863891816246002,-5.132524632130818
1701944385384152112,-9.429969825835268e-07,0.0008713076018664578,-5.073569232204897
1701944385385633527,-1.091192324233136e-06,0.0008574207069327281,-5.0192799271011985
1701944385387100948,-1.2497439317648897e-06,0.0008436663024212543,-4.965497423412718
1701944385388532655,-1.41630052352332e-06,0.0008302513481940687,-4.913025620139581
1701944385390002753,-1.599991170267327e-06,0.0008164822735134856,-4.85914699352179
1701944385391633106,-1.8178630738894161e-06,0.0008012197223872046,-4.799396415076529
1701944385393286997,-2.0511371151540196e-06,0.0007857437409502998,-4.738780769625646
1701944385395186441,-2.329030486834028e-06,0.0007679791076175367,-4.669164959427636
1701944385396993471,-2.5995910992008926e-06,0.0007510893537318557,-4.602939496201251
1701944385398815625,-2.8770592558891792e-06,0.0007340677690047126,-4.536154793544686
1701944385399904305,-3.045183212476222e-06,0.00072390448370525,-4.496256981956709
1701944385401687598,-3.3258314394967757e-06,0.0007072638606164226,-4.430896569741228
1701944385403752385,-3.661498018309698e-06,0.0006880098058090078,-4.355225289395033
1701944385405393576,-3.939197381187427e-06,0.000672710967436452,-4.295072738752766
1701944385406851671,-4.196405109970106e-06,0.0006591217295243255,-4.241630990038882
1701944385408292574,-4.461973278617575e-06,0.0006456961182491402,-4.188827115685724
1701944385409641923,-4.7217197440032235e-06,0.0006331225488150226,-4.139369900983143
1701944385411150174,-5.024413595505711e-06,0.0006190712410668666,-4.084093155940315
1701944385412384433,-5.281150930232924e-06,0.0006075737297653032,-4.038856394483907
1701944385413725591,-5.5683437811221955e-06,0.0005950827302685597,-3.9897049884301192
1701944385415066154,-5.86366965764303e-06,0.0005825970397071312,-3.940571048346598
1701944385416397014,-6.165549802489532e-06,0.0005702024852005514,-3.891795357873306
1701944385418037071,-6.550922113921655e-06,0.0005549275253129275,-3.8316864295759303
1701944385419254617,-6.846762104901652e-06,0.0005435892873676063,-3.7870700265822164
1701944385420502190,-7.157632239613179e-06,0.0005319692591695316,-3.741343887339884
1701944385422127556,-7.5712898581024555e-06,0.0005168329718273604,-3.681776690229914
1701944385423676237,-7.972045807836962e-06,0.0005024109657125371,-3.6250143915985444
1701944385425454637,-8.438142750838066e-06,0.00048585308971670977,-3.559837347351131
1701944385427276052,-8.921711400882127e-06,0.0004688958188053674,-3.4930787017654232
1701944385429140370,-9.42329109155543e-06,0.0004515438201568442,-3.4247559304288937
1701944385430686625,-9.844552973663142e-06,0.0004371523222858522,-3.3680809609066418
1701944385432192456,-1.0259426508444706e-05,0.00042314071585061497,-3.312891449583724
1701944385433839759,-1.0719267191702064e-05,0.00040781756172831684,-3.2525202654689838
1701944385435607472,-1.1220994926531899e-05,0.0003913798372608186,-3.187736355852602
1701944385437066179,-1.1642142608535657e-05,0.00037781988904003766,-3.134276953892688
1701944385438812155,-1.2155127006913644e-05,0.00036159148212834314,-3.0702794566774974
1701944385440038675,-1.252132813424911e-05,0.0003501957635550863,-3.0253309123841525
1701944385441433804,-1.29442428220292e-05,0.0003372329582901595,-2.9741958258055554
1701944385442857603,-1.3383035592132017e-05,0.0003240072513995657,-2.9220209104069954
1701944385444156797,-1.3790139680064177e-05,0.00031193535103721617,-2.8743985202257707
1701944385445436059,-1.4197283272177255e-05,0.00030005063429395227,-2.8275188634367714
1701944385446809387,-1.4642240719879664e-05,0.00028728889208060325,-2.7771876724609146
1701944385447993316,-1.5033466645950437e-05,0.0002762844445459589,-2.7337944918935255
1701944385449299117,-1.5474621072590046e-05,0.0002641459639058927,-2.6859361585472143
1701944385450693760,-1.5958040043686224e-05,0.0002511798225616155,-2.6348185218823867
1701944385452400472,-1.6566219564146016e-05,0.0002353155964958773,-2.572271496097364
1701944385453676682,-1.7031329391073245e-05,0.00022345464544468353,-2.525496661956386
1701944385455167392,-1.7582007121676592e-05,0.00020960808671283224,-2.4708663105701887
1701944385456943974,-1.8244699781666617e-05,0.0001931153220641595,-2.40575028856852
1701944385458449437,-1.8810100029503006e-05,0.00017915076791007783,-2.3505781812210342
1701944385460147893,-1.9452463838842033e-05,0.00016340268941477792,-2.2883282478030713
1701944385461482607,-1.9960680451383887e-05,0.00015103187899873048,-2.239412592200789
1701944385462835431,-2.0478369647478536e-05,0.00013849557644592548,-2.189832840648907
1701944385464071225,-2.0953059860400068e-05,0.00012704434701063847,-2.1445347330535722
1701944385465386037,-2.146013990245177e-05,0.00011486543515514843,-2.096344319955363
1701944385466582109,-2.192458078312118e-05,0.00010379199927776786,-2.052514192782397
1701944385467908574,-2.2445820175242314e-05,9.151240763078664e-05,-2.0038955989225538
1701944385469464240,-2.306766948431416e-05,7.711573344393484e-05,-1.9468797144637886
1701944385471111580,-2.3739301070727015e-05,6.187491588027094e-05,-1.886508400503127
1701944385472438964,-2.4289656879880246e-05,4.959345707476977e-05,-1.8378548266599224
1701944385473734681,-2.483313648252965e-05,3.760722777514058e-05,-1.7903721450161596
1701944385475135208,-2.5426122690471515e-05,2.4646188983704554e-05,-1.7390359620563514
1701944385476540291,-2.6025369642577634e-05,1.1641877463908302e-05,-1.687542480034524
1701944385477872688,-2.6597537617490195e-05,-6.9333746687998e-07,-1.6387140976505852
1701944385479129629,-2.714165799576495e-05,-1.2334368258304013e-05,-1.5926469363120122
1701944385480446009,-5.5097059862641365e-12,-1.3658053697011298e-11,-10.66660204923949
1701944385481993507,-1.6043388300158832e-08,-2.6412321598364472e-05,-10.79568964681741
1701944385483333188,-3.4900398324986745e-08,-3.877053584931288e-05,-10.856074514491526
1701944385484546434,-5.839317093746536e-08,-4.996401119295452e-05,-10.910763703611739
1701944385485865890,-8.988495405859036e-08,-6.21370879441118e-05,-10.970235099967217
1701944385487607643,-1.388007213325758e-07,-7.820922824254254e-05,-11.048749366370561
1701944385489353769,-1.9464712768862833e-07,-9.431981261671009e-05,-11.127446307850267
1701944385491379934,-2.676704544486371e-07,-0.00011301756859692725,-11.21878116474062
1701944385493102086,-3.3768983067922536e-07,-0.00012890606851730167,-11.296403419595542
1701944385494842336,-4.173152557041013e-07,-0.00014495672876800394,-11.374842401625196
1701944385496151423,-4.836025260909004e-07,-0.00015702668682847853,-11.433851639178773
1701944385497501456,-5.579143917458043e-07,-0.00016946809708386185,-11.494698534466258
1701944385498800946,-6.354728294176854e-07,-0.00018144356340755462,-11.553277911548138
1701944385500018717,-7.139366621772487e-07,-0.0001926664434444455,-11.608171226950907
1701944385501761124,-8.366598943307185e-07,-0.00020873008530070112,-11.686706923978942
1701944385503024512,-9.337549270041826e-07,-0.00022038444664782862,-11.743652823879765
1701944385504388867,-1.0470843770734948e-06,-0.00023297446181973306,-11.805144504788055
1701944385505511366,-1.1477628282312035e-06,-0.00024333539181864381,-11.855739194581586
1701944385507143412,-1.3078560375130344e-06,-0.0002583997219026637,-11.929309973236341
1701944385508428429,-1.4460228563075675e-06,-0.0002702544280522792,-11.987223047299116
1701944385509480824,-1.567269193757312e-06,-0.00027996142784439594,-12.03465824843868
1701944385511109424,-1.768197973889766e-06,-0.00029497977006511515,-12.108067818999599
1701944385512469171,-1.9469184165184937e-06,-0.00030751612439431844,-12.169355296661864
1701944385513763960,-2.1244531667552907e-06,-0.00031945488450538863,-12.227719714774771
1701944385515091772,-2.311660275394931e-06,-0.0003316992675546857,-12.28756715173172
1701944385516482020,-2.5109765678318672e-06,-0.00034452624567997257,-12.35024092354402
1701944385517856656,-2.7096931783426372e-06,-0.00035721188214757175,-12.412194674402441
1701944385519826530,-2.9966738820757764e-06,-0.00037540470933902835,-12.500982507095557
1701944385521883444,-3.300799146261844e-06,-0.00039441995718812305,-12.593703562576604
1701944385523183751,-3.497034332842933e-06,-0.00040644823907638435,-12.652315129909937
1701944385524473663,-3.6968956885700034e-06,-0.00041838488438562837,-12.710453846597261
1701944385525771397,-3.905238502353086e-06,-0.00043039910445900583,-12.768947194859155
1701944385526860102,-4.086683322388437e-06,-0.0004404810235766237,-12.818015835542415
1701944385528175773,-4.31435830424427e-06,-0.00045267176370624747,-12.877325912515536
1701944385529416516,-4.536686399925781e-06,-0.0004641721444361753,-12.933250830347285
1701944385530830316,-4.797894337679475e-06,-0.00047728493620340594,-12.99697772127367
1701944385532531183,-5.122947790905652e-06,-0.0004930731090419767,-13.073643420805718
1701944385533657340,-5.345428173526473e-06,-0.0005035335465532251,-13.124399247038491
1701944385535010749,-5.622700997966332e-06,-0.0005161143832059928,-13.185407249818264
1701944385536189598,-5.874532752934921e-06,-0.0005270760971211263,-13.238538046421317
1701944385537729540,-6.219549670853371e-06,-0.0005414014366159547,-13.307949812788447
1701944385539054993,-6.5307450613364515e-06,-0.0005537352290053448,-13.367700451273079
1701944385540191632,-6.806702529243384e-06,-0.0005643106614095174,-13.418929096709668
1701944385541612365,-7.160855979735734e-06,-0.000577530960504645,-13.482967585706243
1701944385542906446,-7.49034374139179e-06,-0.0005895732153414802,-13.541299671384635
1701944385544216403,-7.829009387439564e-06,-0.0006017606713725208,-13.600341024663987
1701944385545482939,-8.160490878196187e-06,-0.0006135412307939839,-13.657426510359146
1701944385546728261,-8.48958412410432e-06,-0.0006251214694374638,-13.713566301074783
1701944385548031645,-8.8363868197497e-06,-0.0006372312975466367,-13.772306746188013
1701944385549383787,-9.19830292407169e-06,-0.0006497903025776282,-13.833260970442062
1701944385551486804,-9.76534162699315e-06,-0.0006693089745683038,-13.928045212280134
1701944385553922402,-1.0430949280643372e-05,-0.000691907952957266,-14.03783157402572
1701944385555322649,-1.0819453988184266e-05,-0.0007048984526265081,-14.10094582979356
1701944385556571231,-1.1170937585282734e-05,-0.0007164834820652977,-14.15722530035289
1701944385557924241,-1.1558319305180127e-05,-0.0007290398711001225,-14.218211736642818
1701944385559097292,-1.1899977623001123e-05,-0.0007399277043804441,-14.271084554093791
1701944385560562806,-1.2334003224454413e-05,-0.0007535323544037487,-14.337143330128558
1701944385561921076,-1.274243830522754e-05,-0.0007661420951547624,-14.398366172452398
1701944385563259209,-1.3149604886922481e-05,-0.00077856555592479,-14.458675557399113
1701944385564605358,-1.3563696308516533e-05,-0.0007910704445443173,-14.51936106732547
1701944385565984827,-1.3992879680988047e-05,-0.0008038871549978691,-14.581529594424088
1701944385567435572,-1.445090746167712e-05,-0.0008173761762636607,-14.646922074820013
1701944385568760110,-1.4875840187180592e-05,-0.0008296985033926089,-14.706629657409398
1701944385570176336,-1.5336900833418525e-05,-0.0008428762751019872,-14.770463901246389
1701944385571559530,-1.5791925409827414e-05,-0.0008557461617579857,-14.832804382538365
1701944385573087567,-1.629639725816245e-05,-0.0008699610181112874,-14.90167873841827
1701944385574532785,-1.677221873444895e-05,-0.0008833989676796226,-14.966824052855879
1701944385576200559,-1.731798937273192e-05,-0.0008988938576051436,-15.041995849150675
1701944385577659013,-1.7793677374207842e-05,-0.0009124364474194259,-15.10774295387772
1701944385579168051,-1.8287976910996165e-05,-0.0009264393768455904,-15.175757563416662
1701944385581238952,-1.8978663684748218e-05,-0.000945653406426489,-15.269101665481536
1701944385583140928,-1.9631826380827726e-05,-0.0009633011913278972,-15.35482648544468
1701944385584451907,-2.0094463828938048e-05,-0.0009754699091249098,-15.413921473408497
1701944385587001044,-2.102083725002733e-05,-0.0009991354314828798,-15.528823001192698
1701944385588373057,-1.7733469586441591e-12,-0.0017045731407501182,-16.333326472953598
1701944385589592604,-1.3178491259227662e-08,-0.0017455022432063191,-16.469397890354035
1701944385591060894,-3.1296007066621236e-08,-0.0017686862434756236,-16.546484152948697
1701944385592286741,-5.103724215719891e-08,-0.0017880422697748302,-16.610852052861905
1701944385593477498,-7.402320063237866e-08,-0.0018068388353012755,-16.673367273624883
1701944385594706651,-1.0214232832791233e-07,-0.0018262400684855122,-16.73789789705493
1701944385596061757,-1.3936299654022243e-07,-0.0018476321394270267,-16.809050569602572
1701944385597190887,-1.7632368604106073e-07,-0.0018654566313778456,-16.86833611279722
1701944385599027616,-2.504089874108104e-07,-0.0018944500240574323,-16.96477525670344
1701944385600369481,-3.164791441954346e-07,-0.0019156271212166537,-17.03522689956273
1701944385601688737,-3.917269881951792e-07,-0.001936441204176658,-17.104489321564728
1701944385603044027,-4.790860560214571e-07,-0.001957819576173266,-17.17565448192281
1701944385604376821,-5.735149518432378e-07,-0.0019788331396854196,-17.245630418401014
1701944385605716626,-6.753729475391658e-07,-0.0019999535535217073,-17.315981886701646
1701944385607055596,-7.830573330387137e-07,-0.002021055864935478,-17.38628327241123
1701944385608364406,-8.938460547443118e-07,-0.002041680892562892,-17.454994856242916
1701944385609570094,-1.0011903837668632e-06,-0.0020606844077090346,-17.51829863561566
1701944385611061732,-1.1421036485333893e-06,-0.0020842008695081057,-17.596624069819413
1701944385612692623,-1.3081429854575882e-06,-0.00210991343410329,-17.682247522758953
1701944385614661040,-1.5287312958599212e-06,-0.0021409569582507486,-17.785596528398898
1701944385616120016,-1.7089205907734245e-06,-0.0021639761148562597,-17.862206979211948
1701944385617470390,-1.8902628643458193e-06,-0.002185287889635442,-17.933109195404533
1701944385619497146,-2.1902035677966054e-06,-0.002217288942075797,-18.039512579226177
1701944385621005564,-2.4344596331545053e-06,-0.0022411243423748665,-18.118714239904385
1701944385622268314,-2.651288203017598e-06,-0.0022610847971033946,-18.18500979057579
1701944385623656030,-2.900951475990435e-06,-0.0022830304048388978,-18.257877306535484
1701944385625034902,-3.159747728128836e-06,-0.0023048356449445174,-18.330269131022504
1701944385626259957,-3.398510136228704e-06,-0.002324212064444609,-18.394599333713536
1701944385627413158,-3.6310398523523015e-06,-0.0023424471164502476,-18.455149085419766
1701944385628990532,-3.962086566891736e-06,-0.002367381929517704,-18.537968422327957
1701944385630236595,-4.234692584664887e-06,-0.002387071533648532,-18.60338768255934
1701944385631656303,-4.55795436037635e-06,-0.0024095010775568412,-18.67793258656959
1701944385632940871,-4.862452446140449e-06,-0.0024297862732498452,-18.74536724122116
1701944385633984369,-5.1185278666640445e-06,-0.002446265741973109,-18.800158676718162
1701944385635292601,-5.450752591178822e-06,-0.00246692241956789,-18.868845124635683
1701944385636586563,-5.7921195389934895e-06,-0.002487355607072393,-18.93679300164288
1701944385637878574,-6.146244738329776e-06,-0.0025077541836096336,-19.004628208369358
1701944385639308666,-6.554251535298543e-06,-0.002530332361150623,-19.07971134461212
1701944385640780806,-6.991234539757243e-06,-0.0025535747085495076,-19.1569976432727
1701944385642206036,-7.428829537800066e-06,-0.0025760828047418425,-19.231830400172907
1701944385643970432,-7.985609768896474e-06,-0.002603956285985104,-19.32447630028237
1701944385645493362,-8.474740159171594e-06,-0.002628018389205219,-19.404428920786177
1701944385646846472,-8.911467850907419e-06,-0.0026494070310299983,-19.47548122664913
1701944385648141362,-9.327106410203598e-06,-0.0026698753062630596,-19.543466618105242
1701944385649419760,-9.73250739106137e-06,-0.0026900843537484708,-19.610588267059498
1701944385650678300,-1.0125854641002779e-05,-0.002709979682268079,-19.67667092004904
1701944385652466432,-1.0676916452152314e-05,-0.0027382417069949485,-19.77055610355955
1701944385653891030,-1.1112829939391928e-05,-0.0027607533957194935,-19.845351295561617
1701944385655110568,-1.1487753994547545e-05,-0.0027800224594863843,-19.90938098266119
1701944385656334529,-1.1869698366273008e-05,-0.002799361226380024,-19.97364850740989
1701944385657580353,-1.2267507808252855e-05,-0.0028190408912402293,-20.03905516785377
1701944385658870402,-1.2691213699880451e-05,-0.00283941875325553,-20.1067901775086
1701944385660058364,-1.309218383870589e-05,-0.002858178713471509,-20.1691549557358
1701944385661202823,-1.3487470365143043e-05,-0.002876255415505416,-20.22925397279224
1701944385662693762,-1.4012563554341487e-05,-0.0028997978292378324,-20.307529156245042
1701944385663944693,-1.4459759691916482e-05,-0.002919552098784062,-20.37321120986367
1701944385665399688,-1.4984557202756358e-05,-0.002942528426458026,-20.449608685359276
1701944385667019785,-1.5573171499197105e-05,-0.0029681081485138073,-20.534668623402457
1701944385668190313,-1.6001696895656842e-05,-0.002986586133833283,-20.59611957211159
1701944385669617111,-1.6530174810081818e-05,-0.0030091115205839246,-20.67103990064019
1701944385671043918,-1.7067340731154708e-05,-0.003031630187988557,-20.74594770353425
1701944385672750520,-1.7722624565202678e-05,-0.0030585638965134774,-20.83555164725992
1701944385674792790,-1.8523098380246646e-05,-0.003090793551994217,-20.942780942709277
1701944385676302991,-1.9123751537497717e-05,-0.0031146252998774304,-21.022070025785414
1701944385677988801,-1.979910790912504e-05,-0.003141231596569128,-21.11058487376431
1701944385679077836,-2.023668123618811e-05,-0.003158421249739523,-21.16776713707432
1701944385680593028,-2.0846367688480855e-05,-0.003182338352893602,-21.247319073127034
1701944385681749223,-2.1313299305511945e-05,-0.0032005902714724683,-21.308018883550776
1701944385683097404,-2.1862649810627577e-05,-0.00322187939141852,-21.378808200438097
1701944385684600711,-2.248489965394603e-05,-0.0032456237168520087,-21.457746732501462
1701944385685889889,-2.302844106574149e-05,-0.003265985930989889,-21.525431575721797
1701944385687356711,-2.365878471077039e-05,-0.0032891540783755073,-21.602442328732646
1701944385688693654,-2.4244074504591546e-05,-0.0033102700707392458,-21.672643286196145
1701944385690003496,-3.1459571140637563e-12,0.000340935982727184,-11.666736886741855
1701944385691741987,-2.5359498154647847e-08,0.00040230763249085697,-11.52677466408466
1701944385693849581,-7.280317825069227e-08,0.0004447690958485627,-11.429999841914652
1701944385695435324,-1.2470225305203166e-07,0.0004767295491838347,-11.357188829856975
1701944385696617943,-1.7197844599559324e-07,0.00050056931138154,-11.302889835299748
1701944385698310584,-2.5042919660633307e-07,0.0005346976905640908,-11.225163455581779
1701944385699457170,-3.0965428973049177e-07,0.0005578138368916897,-11.172517520472493
1701944385700961385,-3.930579274755891e-07,0.0005881386224872656,-11.103450523476655
1701944385702242587,-4.683002299278041e-07,0.0006139675403180453,-11.044619325088167
1701944385703972763,-5.746029272185356e-07,0.0006488455490881695,-10.965174216035688
1701944385705835131,-6.936545059778861e-07,0.0006863869593250322,-10.879664251778895
1701944385707677433,-8.157745117221541e-07,0.0007235267698128251,-10.795073851174285
1701944385709208242,-9.219547474945033e-07,0.0007543905619962944,-10.724780712227288
1701944385710579452,-1.0234420221043032e-06,0.0007820341046220886,-10.661822306230903
1701944385711900141,-1.1302861937803609e-06,0.0008086633239078225,-10.601173788226667
1701944385712982185,-1.226605881112408e-06,0.0008304763065662812,-10.551494545215544
1701944385714764422,-1.4049662317621064e-06,0.0008664079142730318,-10.46966281823188
1701944385716215862,-1.5673931919386224e-06,0.0008956741687481476,-10.403015112788623
1701944385717479776,-1.718695395009658e-06,0.0009211588103960205,-10.344982998822756
1701944385718870718,-1.891586281604029e-06,0.0009492074627301276,-10.281115921894704
1701944385720316401,-2.073948046017039e-06,0.0009783632590414815,-10.214730939940205
1701944385721608060,-2.2360850339304076e-06,0.00100441408477357,-10.155417967304025
1701944385723047833,-2.4133548005880255e-06,0.001033447494476613,-10.089317602817244
1701944385724335572,-2.568034109586751e-06,0.0010594248480028838,-10.030179771092133
1701944385725262533,-2.677288095847953e-06,0.0010781233980771282,-9.987616289790838
1701944385726922745,-2.871239151072048e-06,0.0011116148818882952,-9.911389546868875
1701944385728076790,-3.0063730744866794e-06,0.001134897694913676,-9.858404123244492
1701944385729692897,-3.198670377658456e-06,0.0011675094180755318,-9.784191678351378
1701944385730969140,-3.3534845665698184e-06,0.0011932603261451413,-9.725590224989878
1701944385732422808,-3.53257108884731e-06,0.0012225873885287374,-9.658843900686833
1701944385733547144,-3.6727202087790463e-06,0.0012452691017855381,-9.607215941122561
1701944385735761335,-3.952478647863491e-06,0.0012899296954862328,-9.50554739446348
1701944385737426964,-4.166768165459797e-06,0.001323521767497071,-9.429068823516731
1701944385739173718,-4.396812854491971e-06,0.0013587479698506234,-9.348868130086586
1701944385740670112,-4.600350081909714e-06,0.0013889305015058065,-9.280151259539668
1701944385742142275,-4.808716860743314e-06,0.0014186182356914136,-9.212561966190675
1701944385743400592,-4.994686719589422e-06,0.001443997863086332,-9.154781545682882
1701944385744751791,-5.203204243638465e-06,0.001471248540178998,-9.092742579710201
1701944385746156673,-5.429786634753371e-06,0.0014995869015009668,-9.028229495964613
1701944385747517948,-5.658445442194856e-06,0.0015270461473773503,-8.965719785613167
1701944385749100364,-5.934793101981066e-06,0.0015589635892859042,-8.89306182460652
1701944385750821868,-6.24751825790181e-06,0.0015936835125634128,-8.814021523275395
1701944385752115535,-6.490627454200194e-06,0.0016197747739609676,-8.75462087641799
1701944385753557285,-6.7702910002897e-06,0.0016488505266203733,-8.688421888600494
1701944385754884917,-7.037120185037451e-06,0.0016756272805881645,-8.627455762795604
1701944385756264998,-7.325400757979614e-06,0.0017034578180136863,-8.564092153885984
1701944385757644742,-7.625914228700804e-06,0.0017312856864072073,-8.50073949258635
1701944385758976541,-7.927508962542524e-06,0.0017581502849382477,-8.4395872622383
1701944385760339206,-8.245769311288776e-06,0.0017856450302749312,-8.377011871615512
1701944385761873494,-8.611287274150216e-06,0.0018166064720213776,-8.306565297405148
1701944385763157581,-8.91972268501118e-06,0.0018425286884062322,-8.24760255568182
1701944385764575435,-9.260166570780758e-06,0.0018711597054819197,-8.182498314143528
1701944385766338595,-9.682361597206462e-06,0.0019067732246806281,-8.101542211837044
1701944385767965165,-1.0072310360998765e-05,0.0019396357892284683,-8.026858959594488
1701944385770845529,-1.0775630492752602e-05,0.001997843612989895,-7.8946032239480175
1701944385772193715,-1.1114466699400499e-05,0.0020250940422139796,-7.832695571232554
1701944385773424802,-1.1432870613044929e-05,0.002049980913642274,-7.776163097207835
1701944385774818734,-1.1805440697842374e-05,0.0020781596731369845,-7.712164481672683
1701944385776294412,-1.2212782478892062e-05,0.002108005728928476,-7.6443999529929885
1701944385777558973,-1.2569268877820705e-05,0.0021335893258383437,-7.586334836789547
1701944385778986939,-1.2974502207985003e-05,0.002162488571934389,-7.520770734006638
1701944385780483245,-1.3396400269824815e-05,0.0021927854289309104,-7.452064714641299
1701944385781807071,-1.3763940105923896e-05,0.0022196019865968484,-7.391273673706953
1701944385783245672,-1.4156037027962405e-05,0.0022487458882687263,-7.32522786058316
1701944385784710932,-1.454933113889139e-05,0.0022784441924297094,-7.257944979032302
1701944385785904100,-1.4867001177278513e-05,0.0023026339444502213,-7.203153104711121
1701944385787331772,-1.5246489806511401e-05,0.0023315778099757146,-7.137599903831679
1701944385788734148,-1.5620122605693006e-05,0.002360010090980238,-7.073207126126824
1701944385790224715,-1.6018969052384267e-05,0.002390229267106043,-7.004763796246827
1701944385791611943,-4.2384232008688214e-12,0.0010228167378086076,-4.000022898793232
1701944385793257350,-4.188451933756012e-09,0.0010431590778853788,-3.7712171022505347
1701944385794797347,-9.692625883512784e-09,0.0010534837977815483,-3.6550062745607406
1701944385796295564,-1.7948568369293893e-08,0.001063521221956451,-3.541961556958291
1701944385798004492,-3.253277329409312e-08,0.0010749611884152558,-3.4130322846997205
1701944385799611842,-5.343237900099514e-08,0.0010857156486656881,-3.291748451950814
1701944385801154252,-8.243642238542364e-08,0.0010960297803695796,-3.175375686294686
1701944385802850138,-1.2717927408686936e-07,0.001107369853887624,-3.047399811641764
1701944385804053637,-1.6827377286664344e-07,0.0011154155162676534,-2.9566078112506813
1701944385805660310,-2.363116835509016e-07,0.0011261628764176572,-2.835377906044971
1701944385807153584,-3.1310386650102265e-07,0.0011361605287433952,-2.7226929120514867
1701944385808583391,-3.9842767591841393e-07,0.0011457427241861624,-2.6148110564416998
1701944385809858776,-4.837659710956282e-07,0.001154301255862796,-2.518586265403684
1701944385811190133,-5.812888643742831e-07,0.001163249846192937,-2.418133982660316
1701944385812469267,-6.815476490459129e-07,0.0011718614925504288,-2.3216213518847746
1701944385813991320,-8.054861054778753e-07,0.001182125048275957,-2.206777608904265
1701944385815359781,-9.172111232288143e-07,0.0011913658839145856,-2.1035189725062398
1701944385816704654,-1.0232999522753277e-06,0.0012004562558959844,-2.0020412717453104
1701944385818251245,-1.1375034411523958e-06,0.0012109157946783376,-1.8853625989925316
1701944385819657499,-1.2337521837077295e-06,0.00122043254661893,-1.7792436504792046
1701944385820992010,-1.320253657954808e-06,0.0012294626421591724,-1.6785574749259597
1701944385822260913,-1.4010307101505404e-06,0.0012380478720453922,-1.5828183614752342
1701944385823714434,-1.495119189887291e-06,0.0012478813586010496,-1.4731375325621012
1701944385825049942,-1.584769078301717e-06,0.0012569135576800412,-1.3723794000852323
1701944385826468443,-1.68439142502066e-06,0.0012665082970673327,-1.2653429925092592
1701944385828076729,-1.8035144544395691e-06,0.0012773884742408779,-1.1439870814081083
1701944385829733487,-1.933588844605578e-06,0.0012885999322242258,-1.0189973138365527
1701944385831378618,-2.0703809265661096e-06,0.0012997452224102796,-0.8948530286488212
1701944385832637762,-2.1800849145663353e-06,0.0013082830163099184,-0.7998514297148437
1701944385834033678,-2.3066783506745185e-06,0.001317759329633315,-0.6945239534080586
1701944385835458069,-2.441279563719238e-06,0.0013274396571504635,-0.587055740466906
1701944385837151263,-2.6089729700389685e-06,0.001338960727798591,-0.45929556211457045
1701944385838378267,-2.736351563024367e-06,0.0013473152331860095,-0.36672249485545605
1701944385839730997,-2.8836993070593526e-06,0.0013565293943424085,-0.26465105836351566
1701944385840976602,-3.02688678933508e-06,0.0013650132230470877,-0.1706568253979161
1701944385842184138,-3.1737199279594043e-06,0.0013732318352056776,-0.07955887173168265
1701944385843454031,-3.3381877420537157e-06,0.0013818720344271483,0.0162702769289578
1701944385844493469,-3.4814099331393346e-06,0.0013889385890848494,0.09468575828332561
1701944385845939565,-3.694919878257567e-06,0.001398769275868948,0.20380902812159388
1701944385847431828,-3.93263571077351e-06,0.0014089111003131225,0.31640424851877863
1701944385849045384,-4.20794461321539e-06,0.0014198758797786873,0.43813806467356203
1701944385850664362,-4.500218774044825e-06,0.0014308798047011752,0.5603036441947407
1701944385852224699,-4.793496334937883e-06,0.0014414834509726272,0.6780258767089808
1701944385853370669,-5.014431204488508e-06,0.0014492722890833297,0.7645006387833378
1701944385854856961,-5.306365719918034e-06,0.0014593732718594676,0.876646200906551
1701944385856085579,-5.552229472253243e-06,0.0014677234849543386,0.9693452895512751
1701944385857598475,-5.8620485226602795e-06,0.0014780099802486333,1.0835056676245751
1701944385859060545,-6.171063034302908e-06,0.0014879549530402002,1.1938163243545032
1701944385860774485,-6.548564496018892e-06,0.0014996232462655495,1.3231417118525304
1701944385862657289,-6.983299683709445e-06,0.0015124533078284782,1.4652035462883397
1701944385864080977,-7.324258348020404e-06,0.001522163090904409,1.5726179037201253
1701944385865614855,-7.699352322959287e-06,0.001532633605772118,1.6883613257405297
1701944385867282864,-8.112235527857496e-06,0.0015440265465512127,1.8142147620056033
1701944385869115497,-8.570640646922321e-06,0.0015565521529130302,1.9524988443433209
1701944385870759085,-8.988238252951401e-06,0.001567788408044988,2.0764994004032142
1701944385872227278,-9.370262917163315e-06,0.0015778276438782742,2.187277797897612
1701944385873563341,-9.72855596808119e-06,0.0015869619128184083,2.288090104259185
1701944385875122757,-1.0162800721386411e-05,0.0015976175515632668,2.4057584351856414
1701944385876510672,-1.0565059953232808e-05,0.0016070928727347285,2.510474437227763
1701944385878013404,-1.1017179150066826e-05,0.0016173448501294347,2.6238613055779423
1701944385879337632,-1.1428234779594559e-05,0.001626373646387415,2.7237741505887865
1701944385880799040,-1.1892251399346132e-05,0.0016363370475808454,2.8340488607069347
1701944385882178431,-1.2336503919859669e-05,0.0016457424175825794,2.9381352366340927
1701944385883725191,-1.2837816101628807e-05,0.001656290354034799,3.054832151755984
1701944385885266926,-1.3338938788449361e-05,0.0016668090270905403,3.171169287984244
1701944385886614829,-1.3778252832740175e-05,0.0016760056881385266,3.272863099798431
1701944385887916571,-1.4205110074636133e-05,0.0016848894154113034,3.3710849729532804
1701944385889572520,-1.47541920012578e-05,0.0016961917904958282,3.4960390330401383
1701944385891934105,-1.5551948452510825e-05,0.0017123099138489073,3.6742236024212938
1701944385894193444,-1.6333331176997377e-05,0.0017277302411882278,3.8446907422750356
1701944385895454740,-1.677816006174044e-05,0.001736338447905842,3.9398544374332563
1701944385897025038,-1.7342617373307144e-05,0.001747056683911141,4.058350328063688
1701944385898646534,-1.7940039078989703e-05,0.0017581228184878795,4.180695942133658
1701944385900497875,2.9058267531285095e-12,0.0017046928728490192,4.66666332414273
1701944385901870008,-3.643201374384892e-08,0.0017248803334358777,4.92322780672868
1701944385903454434,-8.18118041455777e-08,0.0017348047647180239,5.049346714143002
1701944385904751184,-1.3348424909715567e-07,0.0017429267081121615,5.152560792401342
1701944385906347783,-2.1544130168104438e-07,0.0017529245471986502,5.279628544963821
1701944385908013960,-3.214076272130681e-07,0.0017633588771465913,5.412256471849515
1701944385909445796,-4.265885883768373e-07,0.0017723254353652729,5.526211370106321
1701944385910918311,-5.443294986829097e-07,0.001781552095301322,5.643411291782664
1701944385912446253,-6.725389373093089e-07,0.0017911349591192788,5.765032790789315
1701944385913953970,-8.02240724041694e-07,0.0018005995763427898,5.885041282154758
1701944385915338419,-9.23216164895521e-07,0.0018092965551925312,5.9952388372249
1701944385916724586,-1.0462660535321224e-06,0.0018180066061655445,6.105569229841908
1701944385918210448,-1.1804661271375982e-06,0.0018273417266619714,6.223831871027158
1701944385919977947,-1.3421141674015358e-06,0.001838440401947768,6.364505961657993
1701944385922156892,-1.540606513346566e-06,0.0018521131085065484,6.537933787279511
1701944385924113561,-1.7142222246873871e-06,0.0018643838366175244,6.693675349212456
1701944385925705081,-1.8499411104782987e-06,0.001874363959877411,6.820363623285913
1701944385927031564,-1.9585322597086906e-06,0.0018826832993036997,6.925930860764824
1701944385928323751,-2.0607420003386013e-06,0.0018907957551753502,7.028784436442408
1701944385929860863,-2.1797332417503707e-06,0.0019004592009186556,7.151127062245038
1701944385931295329,-2.291228727210211e-06,0.0019094942215748339,7.265309724760323
1701944385932975808,-2.427159419700725e-06,0.0019200975288585112,7.399057351030347
1701944385934721226,-2.5789659952134224e-06,0.0019311315859519727,7.537985622134619
1701944385935991303,-2.6982286409525796e-06,0.0019391699732020998,7.639074400541567
1701944385937502194,-2.8509617771333213e-06,0.001948738138341682,7.759329629870701
1701944385938931373,-3.0057328753319537e-06,0.001957792484024594,7.873094833147701
1701944385940456487,-3.179701435069855e-06,0.0019674534170715835,7.994469679572121
1701944385941690165,-3.325460509603499e-06,0.001975270664175153,8.092673993499059
1701944385943073984,-3.4932616189324786e-06,0.0019840393245339327,8.202814633781625
1701944385944357090,-3.653481794807748e-06,0.001992172442612016,8.304947115105351
1701944385945908759,-3.855039493095317e-06,0.002002011169386487,8.428447341466113
1701944385947269141,-4.040149811844839e-06,0.0020106421831001925,8.536728280641363
1701944385948504208,-4.215852083078536e-06,0.002018482057725795,8.635027495767762
1701944385950057458,-4.448729920741396e-06,0.002028348697455898,8.758660596192472
1701944385952160796,-4.789987404167137e-06,0.0020417197567503998,8.926072930753136
1701944385954119277,-5.14029223996547e-06,0.0020541798252991647,9.081947458285601
1701944385955545978,-5.418256651664355e-06,0.002063263539982911,9.195503976103936
1701944385957034925,-5.729485713474449e-06,0.002072749439988459,9.314013413818472
1701944385958566164,-6.07004100277159e-06,0.002082512298628965,9.435900704044863
1701944385960003707,-6.405286318302002e-06,0.0020916825478042712,9.550311177998546
1701944385961452297,-6.754778704523119e-06,0.0021009306269817144,9.66561355650564
1701944385963102284,-7.16329936562436e-06,0.0021114723914131914,9.796951240435279
1701944385964545562,-7.527443596822817e-06,0.002120697632603793,9.91181715819888
1701944385965987845,-7.896234807081136e-06,0.0021299214649196084,10.026626149926749
1701944385967374482,-8.254577096546119e-06,0.0021387890506408378,10.136994600956616
1701944385968705814,-8.602134925925501e-06,0.002147301106457627,10.242960465274047
1701944385970124516,-8.976919658101151e-06,0.0021563674596910697,10.355871807535632
1701944385971444394,-9.330648364942693e-06,0.0021647992151632585,10.460926804684254
1701944385972784347,-9.695688054983361e-06,0.0021733556356074934,10.567575850538628
1701944385974355006,-1.0132374067679903e-05,0.0021833827272290424,10.692594346142814
1701944385976103284,-1.0630732011895469e-05,0.0021945413639666376,10.831750486193926
1701944385977557744,-1.1055810538746122e-05,0.0022038231874464418,10.947508355202023
1701944385979071227,-1.1508527028134933e-05,0.002213483349920473,11.067972443169902
1701944385980826123,-1.2045949851846768e-05,0.0022246880698011647,11.207659923064792
1701944385982763341,-1.265289696220246e-05,0.0022370618764355793,11.36184559626003
1701944385984402234,-1.3176362144202534e-05,0.002247537844035219,11.492291418594487
1701944385986793576,-1.3955061668571135e-05,0.0022628397999422453,11.682627702828102
1701944385988349295,-1.4470581222972738e-05,0.0022728055591423454,11.806450662263824
1701944385989810554,-1.4960386108657185e-05,0.002282173900044678,11.922758850157999
1701944385991356092,-1.5483359084316386e-05,0.002292089489515604,12.045784788484875
1701944385992743115,-1.595648128696077e-05,0.002300989828746375,12.156172242806957
1701944385994008218,-1.639153632853267e-05,0.002309110568291753,12.256881578004762
1701944385995260701,-1.6825929743981313e-05,0.0023171475835654623,12.356566168759162
1701944385996628091,-1.730528664066372e-05,0.002325919579844612,12.465397525473133
1701944385997987281,-1.7788029755450653e-05,0.0023346367039075305,12.57358367431124
1701944385999387701,-1.829271492231467e-05,0.002343615668464004,12.685052794470325
1701944386000735287,-1.878529109721741e-05,0.0023522531149886695,12.792309093200902
1701944386002080250,-1.9282791117879796e-05,0.002360871883646609,12.899356655390479
1701944386003452293,-1.9795097654091674e-05,0.0023696632215857226,13.00856756927526
1701944386004644014,-2.0243319718473666e-05,0.0023772975034105416,13.103413126574305
1701944386006007702,-1.531095105436692e-12,1.781302192988693e-09,4.000068570140295
1701944386007422457,-1.0680503944329862e-08,-4.488499355050815e-05,3.982515793362009
1701944386008646998,-2.3030311170066155e-08,-6.466294104890948e-05,3.9747801666394182
1701944386009954474,-4.3485511664674446e-08,-8.577481970529004e-05,3.9665203995039997
1701944386011465321,-7.730834687501648e-08,-0.00011015922089355174,3.956975882783393
1701944386013143834,-1.2590154044861616e-07,-0.00013723278274781054,3.946372541097858
1701944386014797585,-1.809533997560898e-07,-0.00016389527954029966,3.9359243374886477
1701944386016039688,-2.237034509216825e-07,-0.00018390889365717781,3.9280787746360013
1701944386017256953,-2.6398906032705996e-07,-0.00020352372009619008,3.920388349979724
1701944386018411201,-2.99422850792159e-07,-0.0002221201125560312,3.913097061812659
1701944386020129907,-3.480479087915331e-07,-0.00024981557355156997,3.9022392158167922
1701944386021714730,-3.919551321785768e-07,-0.0002753557912025335,3.8922278420773493
1701944386023185074,-4.368674537905598e-07,-0.0002990544785209297,3.8829394321158643
1701944386024489699,-4.84208067093323e-07,-0.00032008315902199764,3.8746978024510224
1701944386025906403,-5.471095819829663e-07,-0.00034291653086491693,3.8657482905092584
1701944386027488582,-6.333637552985666e-07,-0.0003684126176318874,3.855753520190603
1701944386028733096,-7.128498965210995e-07,-0.00038846455360407826,3.8478914539684825
1701944386029967584,-8.003944525678185e-07,-0.00040835220218526046,3.840092650674398
1701944386031557353,-9.228377454817189e-07,-0.00043396006185908247,3.8300497054501097
1701944386032811130,-1.025202567520771e-06,-0.0004541562458353181,3.8221289213204894
1701944386034084653,-1.1330211525647769e-06,-0.0004746682947548524,3.8140846426970754
1701944386035474484,-1.2549833447998733e-06,-0.0004970600310364254,3.8053038730131656
1701944386036901121,-1.38610707784046e-06,-0.0005200443584754224,3.7962911685178415
1701944386038497547,-1.5428210211894658e-06,-0.0005457590332746652,3.7862076137952627
1701944386039819586,-1.6827058094862249e-06,-0.0005670548891609056,3.7778561189408677
1701944386041166577,-1.8359595886856283e-06,-0.0005887512159574333,3.769346486744401
1701944386042817990,-2.0388214678011626e-06,-0.0006153459868125656,3.7589135340586246
1701944386044374818,-2.244536255854065e-06,-0.0006404058543137404,3.7490800259435617
1701944386045825958,-2.448350946790897e-06,-0.0006637618277360308,3.739912230050621
1701944386047627083,-2.716652557281777e-06,-0.0006927351458915586,3.72853495086993
1701944386049016234,-2.9348617589474195e-06,-0.0007150751317601193,3.7197587569246506
1701944386050700329,-3.2123632250971876e-06,-0.0007421464517614056,3.7091194929427287
1701944386052355606,-3.4995940162267243e-06,-0.0007687392321651155,3.6986639849801732
1701944386053688627,-3.742521138874668e-06,-0.0007901501204042978,3.6902432561437473
1701944386054881071,-3.969799169882241e-06,-0.0008093018224926175,3.6827096380655036
1701944386055882182,-4.16840866199886e-06,-0.0008253773475818071,3.6763854386787878
1701944386057634696,-4.533006363900007e-06,-0.0008535146092016232,3.6653154611802465
1701944386058941686,-4.818017963950738e-06,-0.0008744999954666759,3.6570589200747716
1701944386060310868,-5.126911825951074e-06,-0.0008964834964700757,3.648409285370307
1701944386061464379,-5.394344707633331e-06,-0.0009150011203467505,3.6411226881962477
1701944386062893686,-5.734439795529788e-06,-0.0009379433888672286,3.632093511774164
1701944386064153705,-6.042813630845834e-06,-0.0009581636777197569,3.624133677402653
1701944386065462000,-6.372810803682909e-06,-0.0009791542625729901,3.615868100400534
1701944386066769667,-6.713878583856233e-06,-0.0010001217706926892,3.6076085492953927
1701944386068157668,-7.089560612913748e-06,-0.0010223723295041277,3.598839934492028
1701944386069474105,-7.45953548171158e-06,-0.001043467683711586,3.5905231607231376
1701944386070565638,-7.776571758802523e-06,-0.0010609508500899634,3.583628165726327
1701944386071825033,-8.153811274391248e-06,-0.0010811167034785179,3.5756728714194157
1701944386073418351,-8.64749800803927e-06,-0.001106623306791994,3.5656075190115555
1701944386075374983,-9.275315939652886e-06,-0.0011379351049893446,3.5532468599283376
1701944386077184988,-9.872687265127163e-06,-0.0011668860227985064,3.54181397370658
1701944386078839750,-1.042872909789201e-05,-0.0011933493986117268,3.531360067227955
1701944386080192194,-1.088801695811311e-05,-0.001214969209101262,3.522817421709409
1701944386081697986,-1.1404022537410572e-05,-0.0012390393657918785,3.513304854837315
1701944386083249236,-1.194168052827113e-05,-0.0012638337755083032,3.503504638464354
1701944386084754029,-1.2470941642069707e-05,-0.001287878389772419,3.4939996357719108
1701944386086304613,-1.3026947981602678e-05,-0.00131265525952978,3.4842039722267826
1701944386087632816,-1.3513535686411849e-05,-0.0013338751847923574,3.47581350980181
1701944386088890401,-1.3984071654880131e-05,-0.001353961487222027,3.46787036577616
1701944386090214729,-1.4490276204209498e-05,-0.0013751157337726556,3.4595040160552855
1701944386091414135,-1.4957542206057656e-05,-0.0013942727224627548,3.4519268650669517
1701944386093919215,-1.5956767776930643e-05,-0.0014342756887162232,3.4361023686733967
1701944386095286703,-1.651463982048457e-05,-0.001456106864110516,3.427464946854699
1701944386096575808,-1.704849477566625e-05,-0.0014766862794118082,3.419321527448035
1701944386098089733,-1.768565236893448e-05,-0.0015008490257523914,3.4097578719777353
1701944386099445604,-1.8265510447578847e-05,-0.0015224815438312127,3.401192756242738
1701944386100977855,-1.892986223264336e-05,-0.0015469173669430672,3.391513139332179
1701944386102206253,-1.9467840749860087e-05,-0.001566494981995978,3.3837537843972494
1701944386103621532,-2.0092014292428938e-05,-0.001589039442855246,3.3748136602199943
1701944386105100986,-2.0748822748046336e-05,-0.0016125932859819903,3.3654684022729366
1701944386107218585,-2.1697102408493733e-05,-0.0016462952003181797,3.3520913625830446
1701944386109600590,-2.2775793908615113e-05,-0.0016841982582688725,3.337044088967056
1701944386111045945,-2.3436520200716423e-05,-0.0017071978163061177,3.327914222111307
1701944386112323995,1.157738391510373e-12,-0.0010228161919287222,3.3333329742867166
1701944386113839986,-8.36024389711784e-09,-0.0010497121548454665,3.3158112637618378
1701944386115366185,-1.9799515773756345e-08,-0.0010644132781608908,3.3062416072270984
1701944386116713917,-3.3635813768133966e-08,-0.0010774026457949812,3.297790234164574
1701944386118136635,-5.201382369263772e-08,-0.0010911171086679038,3.288869427711896
1701944386119538545,-7.438665867859411e-08,-0.001104631842887283,3.2800786917937725
1701944386121190148,-1.072191322304901e-07,-0.00112054875607888,3.2697226697557693
1701944386122680049,-1.4360439487199145e-07,-0.001134900570599917,3.260380275317694
1701944386124005742,-1.8187968170503096e-07,-0.0011476644689262128,3.252066458240018
1701944386125750377,-2.4197169154206846e-07,-0.0011644455154705316,3.2411273868571504
1701944386127120554,-2.984916375018754e-07,-0.001177614724156688,3.2325355032279233
1701944386128664167,-3.7492608850204424e-07,-0.0011924408123239884,3.2228552493866824
1701944386129986536,-4.531534131135688e-07,-0.0012051312603864744,3.2145638729377186
1701944386131537107,-5.613237684653796e-07,-0.0012200061044553283,3.204840272793648
1701944386133007752,-6.798952041422152e-07,-0.001234107081348981,3.195619004691827
1701944386134461591,-8.105983459482014e-07,-0.0012480448567039942,3.1865023955463987
1701944386135929982,-9.536535890851566e-07,-0.0012621198915154176,3.1772946003624805
1701944386138022168,-1.1726553729451e-06,-0.0012821688953709122,3.1641758660213997
1701944386139685385,-1.3586086592337597e-06,-0.0012981024919981963,3.1537466743243088
1701944386141063347,-1.5215896999997e-06,-0.0013112995646311198,3.145105522868774
1701944386142278965,-1.673830057102163e-06,-0.0013229349713310033,3.1374839708242086
1701944386143487122,-1.8350230295541101e-06,-0.0013344972159821567,3.129907269499579
1701944386144730194,-2.0122945419807445e-06,-0.001346385416738331,3.12211379024636
1701944386146018251,-2.2077133777485444e-06,-0.0013587024119574949,3.1140362558422594
1701944386147423408,-2.4311456296933152e-06,-0.0013721350142685087,3.105224666969308
1701944386148663977,-2.6332184847333363e-06,-0.0013839912765918356,3.097446126092542
1701944386149877370,-2.8312755117898376e-06,-0.001395588231195483,3.0898380145092155
1701944386151217662,-3.0477123680678474e-06,-0.0014084022163286943,3.0814330627997277
1701944386152390459,-3.2348891065890723e-06,-0.0014196168725913087,3.0740791072485067
1701944386153775687,-3.455819865193231e-06,-0.0014328666509426612,3.065393105267399
1701944386155144931,-3.6778751207259012e-06,-0.001445966844375649,3.056807279848493
1701944386156413477,-3.890429934811684e-06,-0.0014581061048790638,3.0488523587678342
1701944386157716986,-4.118202386753334e-06,-0.0014705789087938281,3.0406791789410295
1701944386159129876,-4.376588116557137e-06,-0.001484098342734061,3.0318198058864545
1701944386160316332,-4.601995450448739e-06,-0.0014954493749743997,3.0243806923670062
1701944386161582399,-4.8495044898224796e-06,-0.0015075626316515837,3.0164407608836905
1701944386162980712,-5.1295875276692e-06,-0.001520935487701731,3.007672605337504
1701944386164240981,-5.387288815614605e-06,-0.001532982841201029,2.9997700543699977
1701944386165490373,-5.647411462033716e-06,-0.00154491876130767,2.991936273122055
1701944386167180340,-6.0072935330747915e-06,-0.0015610522864155892,2.9813397385307265
1701944386169013372,-6.40969252267662e-06,-0.001578536439230934,2.9698462091515716
1701944386170862594,-6.830148750172366e-06,-0.0015961641687641949,2.958249533070561
1701944386172171250,-7.136915344789837e-06,-0.0016086323035996682,2.9500435131604124
1701944386173386302,-7.428436126607536e-06,-0.00162020622621073,2.942425032960967
1701944386174642260,-7.736119011598018e-06,-0.0016321713596873341,2.934549421774576
1701944386175914368,-8.0537131010702e-06,-0.0016442904283348048,2.926573653252916
1701944386177185751,-8.376666947572368e-06,-0.0016564069956757636,2.9186008800144068
1701944386178312394,-8.666942871646058e-06,-0.0016671436351110786,2.9115370624366896
1701944386179652444,-9.017023970249978e-06,-0.001679917529419187,2.9031337368071273
1701944386180885396,-9.344020602932418e-06,-0.0016916700259518816,2.8954031552046127
1701944386182245864,-9.711827827347447e-06,-0.0017046431668567552,2.8868712588207237
1701944386183640716,-1.0098268469937898e-05,-0.0017179460822562265,2.8781255778616845
1701944386184907147,-1.0458522973600429e-05,-0.0017300317564434176,2.870184200378071
1701944386186211502,-1.0838662590993244e-05,-0.0017424870697882032,2.862005121066011
1701944386187512989,-1.1225575515341907e-05,-0.0017549214699255319,2.8538454791492196
1701944386188595619,-1.1551853592117443e-05,-0.0017652729799767105,2.8470567431985616
1701944386189891079,-1.1946186768254586e-05,-0.0017776657861420589,2.8389329867618818
1701944386191428309,-1.2420119737279856e-05,-0.0017923757763786948,2.829293317886211
1701944386192563161,-1.2775832681394556e-05,-0.0018032337636730766,2.82217868285232
1701944386194108894,-1.3273316483186547e-05,-0.0018180262214285519,2.812485203067257
1701944386195509169,-1.3739831830835426e-05,-0.0018314223061679893,2.803705165551072
1701944386196712530,-1.415382512395823e-05,-0.0018429319572152542,2.796159991133168
1701944386198096774,-1.4643677796385463e-05,-0.0018561694188261595,2.7874801344306075
1701944386200015643,-1.5341307608456964e-05,-0.001874511884157899,2.7754485471742556
1701944386201896564,-1.6040159746011313e-05,-0.001892484160579452,2.763653181737149
1701944386203585916,-1.6675367440932968e-05,-0.0019086105787000337,2.7530612823374057
1701944386204845688,-1.7151497797767483e-05,-0.001920627499460527,2.7451618377209948
1701944386206218683,-1.7671148647321134e-05,-0.0019337121963531455,2.7365522829799684
1701944386207551321,-1.8175893194286506e-05,-0.0019463972965344043,2.7281968751550565
1701944386208962167,-1.8711821465015047e-05,-0.0019598159013133904,2.7193496210631976
1701944386210253648,-1.9205558406732177e-05,-0.001972089278579103,2.7112513480588687
1701944386211586306,-1.972092692516375e-05,-0.0019847470483955673,2.702895938718379
1701944386212868904,-2.0225478880152713e-05,-0.00199693013691329,2.6948529786583753
1701944386214181234,-2.0752662382232353e-05,-0.0020093959987382763,2.6866246426537885
1701944386215660663,-2.1362203869326694e-05,-0.002023454822205196,2.677348332877511
1701944386217049771,-4.0860491598852973e-13,0.0006818752387436036,2.999997745483383
1701944386218460355,-3.0073027806567304e-08,0.0007274345709226108,2.991086287169434
1701944386219753972,-6.375232551878778e-08,0.0007484776199736065,2.9869686442683645
1701944386221062913,-1.0893503410500243e-07,0.0007697659502549633,2.982802438872134
1701944386222343809,-1.623394654672485e-07,0.0007906008418483532,2.9787250255784574
1701944386223757820,-2.305404949213269e-07,0.0008135994428649364,2.974224923686986
1701944386225111179,-3.0476542840992687e-07,0.0008356225763337412,2.9699168166709535
1701944386226465733,-3.883699012096076e-07,0.0008576672425609454,2.9656056741642014
1701944386227686658,-4.724406571020076e-07,0.0008775432681127786,2.9617194995550316
1701944386229023309,-5.749222011465358e-07,0.0008993049570031868,2.9574652745218364
1701944386230711679,-7.218313963678551e-07,0.0009267986534277151,2.9520909612672654
1701944386232370659,-8.871598215024228e-07,0.0009538111652879693,2.9468107528732603
1701944386233920653,-1.0623277630899026e-06,0.0009790471746735547,2.9418773525369555
1701944386236020517,-1.3349538018846102e-06,0.0010132289170758113,2.935193252675167
1701944386237392457,-1.536907417733131e-06,0.0010355483603094026,2.9308267386779465
1701944386238565739,-1.7264869015242009e-06,0.0010546250379561675,2.927092365160435
1701944386239984582,-1.9789715132529464e-06,0.0010776729035595737,2.922576370045532
1701944386241258896,-2.228749537137689e-06,0.0010983485463728574,2.918520257090652
1701944386242512748,-2.495902239345593e-06,0.0011186657457703697,2.914529418736521
1701944386243820307,-2.795812123022751e-06,0.0011398261837741288,2.9103678517438336
1701944386245062432,-3.0990696544110235e-06,0.0011599086824753795,2.9064142247772904
1701944386246279409,-3.4119112833016685e-06,0.0011795714825416723,2.902540288161177
1701944386247583747,-3.763442766608566e-06,0.0012006310180757334,2.898388620110422
1701944386248947897,-4.149095025781633e-06,0.0012226390541984224,2.894047244455871
1701944386250314634,-4.555094392385499e-06,0.0012446770660680673,2.889696764591353
1701944386251532035,-4.934329935042356e-06,0.0012642893109437413,2.8858220842074793
1701944386252765955,-5.336666729791741e-06,0.0012841516214566618,2.881895046929037
1701944386254007047,-5.7603761962954785e-06,0.0013041205489083064,2.877944493586004
1701944386255142817,-6.165305683275921e-06,0.0013223873331252068,2.8743293618585697
1701944386256605069,-6.711298255463614e-06,0.0013459006332849077,2.869675394048316
1701944386258039513,-7.273049436826638e-06,0.0013689674561165313,2.865110233771316
1701944386259546368,-7.887311385461187e-06,0.0013932059348373755,2.860314406745944
1701944386261223384,-8.59128265702178e-06,0.001420192179818565,2.854976784723001
1701944386262944882,-9.324194686843389e-06,0.0014479062331066424,2.849497259864431
1701944386264435398,-9.957972889133663e-06,0.001471904808434606,2.8447537897975375
1701944386265700852,-1.0491098223026372e-05,0.001492287852981369,2.8407258848041144
1701944386267217900,-1.1121735950000161e-05,0.0015167308047854009,2.8358973850091407
1701944386268518116,-1.1654495955032916e-05,0.00153769650410168,2.831758652981504
1701944386269871445,-1.2200619245455096e-05,0.0015595439185510653,2.827451445535666
1701944386271269723,-1.2754643817965052e-05,0.0015821662822029733,2.8230008111320637
1701944386272481837,-1.3225492291466696e-05,0.0016018257062485495,2.8191428378438808
1701944386273782386,-1.3721134920580348e-05,0.0016229737328460198,2.815003339943697
1701944386275041367,-1.4193194791969131e-05,0.001643489100397382,2.8109966485165874
1701944386276111809,-1.4591114984001016e-05,0.001660959397893439,2.807589448407939
1701944386277087367,-1.4953714710231895e-05,0.001676890588666968,2.8044842689782694
1701944386278560798,-1.550775286973999e-05,0.001700954908707276,2.7997946257363253
1701944386279497008,-1.5866591481695325e-05,0.0017162443536055368,2.796815408722191
1701944386281104045,-1.650157170868174e-05,0.001742515791964159,2.7917000402559067
1701944386282119384,-1.6916027562651355e-05,0.0017591335311142845,2.7884688758569984
1701944386283451453,-1.7474655314237135e-05,0.0017809892341824497,2.784228440144499
1701944386284981916,-1.8132686717565976e-05,0.0018061748155873457,2.7793573944023455
1701944386286755180,-1.8908227511647362e-05,0.0018354594735340995,2.773713832287295
1701944386288013556,-1.946131261344952e-05,0.0018562995633254246,2.7697086210461315
1701944386289245599,-1.9999157964244955e-05,0.0018767336728176191,2.7657868801132133
1701944386290617677,-2.058894910817419e-05,0.0018995031641837236,2.761419690144925
1701944386292328963,-2.130920189234901e-05,0.0019279076707407745,2.7559726498405688
1701944386294642998,-2.2264321017858548e-05,0.001966317683674167,2.7486079849771317
1701944386296172799,-2.289329876094524e-05,0.0019917261306066905,2.7437384264500597
1701944386297979538,-2.3651132697669297e-05,0.0020217613995592316,2.7379878416817593
1701944386299451361,-2.4291262550906185e-05,0.0020462620549890945,2.733303447446632
1701944386300827176,-2.4914798947778577e-05,0.0020691998343391857,2.7289241140592724
1701944386302444721,-2.5680429128964336e-05,0.0020962022897530633,2.723776065496094
1701944386303523851,-2.6208978980137764e-05,0.0021142357217636015,2.720341503540514
1701944386305409574,-2.715739678885971e-05,0.002145768700769009,2.714338984638804
1701944386306572731,-2.7754390791169643e-05,0.0021652173570080005,2.7106373020173153
1701944386308081718,-2.8538455400136736e-05,0.002190443332838244,2.7058345224099205
1701944386309501242,-2.9284949911581634e-05,0.0022141625688293777,2.7013163143889294
1701944386310978701,-3.007215954270965e-05,0.0022388380033267407,2.6966137138589352
1701944386312248005,-3.075813756133613e-05,0.0022600304193289493,2.692573603139446
1701944386313717021,-3.156437531856314e-05,0.002284553377051747,2.687897597703938
1701944386315122171,-3.23483632322064e-05,0.00230799889138378,2.6834257445274807
1701944386316676129,-3.323130991669171e-05,0.0023339144282371127,2.6784796404394453
1701944386318248542,-3.414282220448777e-05,0.002360105335962024,2.6734751291485717
1701944386319898324,-3.511892389261943e-05,0.0023875397759151214,2.668224017221045
1701944386321460512,-3.6059157786997e-05,0.0024134634461416933,2.663252170459011
1701944386323073369,-3.704048278120403e-05,0.002440177017997951,2.6581187049089468
1701944386325145131,-6.002395717236934e-12,0.0006818783040833246,2.999997675198772
1701944386326986537,5.413375748857008e-09,0.0006817525608990063,2.9998343006748667
1701944386328360387,1.3220951503797446e-08,0.0006816513457520137,2.9997769558577265
1701944386329578267,2.9106041799150902e-08,0.0006815415511209573,2.9997261244979745
1701944386330756181,5.6376672291777165e-08,0.0006814179186217589,2.999676961066164
1701944386332145881,1.0689075827529762e-07,0.000681247211349241,2.999618972893399
1701944386333434431,1.7263155959489289e-07,0.0006810614287447404,2.999565225579893
1701944386334700591,2.544561389283914e-07,0.0006808508178170155,2.999512415889977
1701944386336556224,4.007252126659408e-07,0.0006804940713968866,2.9994350452719805
1701944386337642688,4.981326369029853e-07,0.0006802618304196502,2.9993897524886797
1701944386338730914,6.007174564373227e-07,0.0006800169952595835,2.9993443934536055
1701944386340117304,7.339134052235547e-07,0.0006796940780985115,2.999286603463567
1701944386341195568,8.370908168811705e-07,0.0006794378548659933,2.999241653896216
1701944386342443896,9.539519192024945e-07,0.0006791395111611402,2.9991896178241144
1701944386343764879,1.0729544513269731e-06,0.0006788256418238394,2.99913455863913
1701944386345123091,1.1885596593567538e-06,0.0006785090261404779,2.9990779360590643
1701944386346247530,1.277764320853755e-06,0.0006782543828298316,2.9990310610159754
1701944386347583555,1.3748209257842777e-06,0.000677963087052966,2.9989753572288063
1701944386349133271,1.475013506550531e-06,0.0006776419696493515,2.998910746312908
1701944386350357646,1.5460832828479194e-06,0.0006774012670887187,2.9988597051146626
1701944386352139477,1.6432369918426085e-06,0.0006770713047513491,2.9987854202896553
1701944386353918702,1.7409860205803688e-06,0.0006767649605265661,2.9987112526620585
1701944386355809316,1.8545616309988477e-06,0.0006764611978956951,2.9986324607919297
1701944386357450806,1.9645719325179065e-06,0.0006762101730528956,2.9985640453882114
1701944386358687421,2.0531423996718895e-06,0.0006760243993281234,2.998512500883969
1701944386360035106,2.149735701684356e-06,0.0006758206426070628,2.9984563203824792
1701944386361692659,2.2582913667104305e-06,0.000675566304584075,2.998387219681949
1701944386363125913,2.33665082228087e-06,0.0006753467354144537,2.9983274614886715
1701944386364455000,2.3955953218677377e-06,0.0006751512326120626,2.9982720279811366
1701944386365768904,2.4468210443749054e-06,0.0006749745763023365,2.998217220754564
1701944386367049604,2.5012451935649572e-06,0.0006748244727363452,2.9981637851983707
1701944386368495260,2.586057123322996e-06,0.0006746838010638469,2.9981034613702198
1701944386369738480,2.6930260850540627e-06,0.0006745854642369182,2.9980515594203774
1701944386371038873,2.8517421360728212e-06,0.0006745006468334098,2.997997259602775
1701944386372294627,3.0578730473923327e-06,0.000674432173068811,2.9979447989131685
1701944386373627198,3.3358529990007348e-06,0.0006743716536613111,2.9978891032445225
1701944386374934641,3.665428627972148e-06,0.0006743253931736442,2.997834424563668
1701944386375848838,3.926139443400724e-06,0.0006743024504989342,2.9977961800867883
1701944386377264306,4.3698034846378095e-06,0.0006742849557272279,2.9977369311202584
1701944386378667326,4.847848399775999e-06,0.0006742872625713841,2.997678169585577
1701944386379885195,5.284427694940041e-06,0.0006742987280238959,2.997627140881499
1701944386381027752,5.703526549754141e-06,0.0006743083706933369,2.99757924719604
1701944386382332383,6.182739735370391e-06,0.000674306468045488,2.9975245325031525
1701944386383693242,6.6732265438910365e-06,0.0006742813128493703,2.9974674341631062
1701944386386003701,7.4622023693951035e-06,0.0006741779644532384,2.997370456373637
1701944386388244467,8.161555291386029e-06,0.0006740109283690131,2.997276384255171
1701944386389782917,8.602311073670214e-06,0.0006738643325293152,2.9972117811879286
1701944386391153833,8.974466870120137e-06,0.0006737152309317384,2.99715420391807
1701944386392470186,9.32747562605181e-06,0.0006735549128098023,2.997098893645422
1701944386393613916,9.646902367187117e-06,0.0006733991868885515,2.9970507972247162
1701944386395030417,1.008781669536507e-05,0.00067318223999425,2.9969911370125373
1701944386396215055,1.0516663673479953e-05,0.0006729830534321755,2.9969411608359953
1701944386397570472,1.110196610461174e-05,0.0006727469024620309,2.9968838349475453
1701944386399131982,1.1926907034118926e-05,0.0006724840278565471,2.996817574190646
1701944386400567652,1.2838997687598003e-05,0.000672265380755086,2.9967564332586103
1701944386402034264,1.39197836984451e-05,0.00067206858396264,2.9966937496967714
1701944386403343886,1.4998346532373571e-05,0.0006719071759740964,2.996637568705285
1701944386404660941,1.616806015399974e-05,0.0006717423186066397,2.9965808803194416
1701944386405881296,1.73051536799358e-05,0.0006715731552821278,2.9965281851910572
1701944386407235547,1.8598143757495658e-05,0.0006713569594985114,2.9964695453445254
1701944386408547882,1.985633637220583e-05,0.0006711191374397034,2.9964125674247373
1701944386409872885,2.1105086536477005e-05,0.000670858843198327,2.9963549024467575
1701944386411199894,2.2308375672022818e-05,0.0006705872501645011,2.9962970192892615
1701944386412569770,2.3476381418651387e-05,0.0006702989421244408,2.996237145100071
1701944386414006657,2.4600963134884104e-05,0.0006699797099900758,2.996174221087189
1701944386415752739,2.5816278041692058e-05,0.0006695418439262562,2.996097604324132
1701944386417407316,2.68191595163867e-05,0.0006690464111061805,2.9960248315642937
1701944386419152403,2.7740597689909073e-05,0.0006684104882652627,2.9959478996863154
1701944386421031597,2.861119472356391e-05,0.0006675822238601268,2.9958648561049097
1701944386422206960,2.9108858482794648e-05,0.0006669921919972785,2.9958128144144363
1701944386423544836,2.9651251852708032e-05,0.0006662683939984349,2.9957534555301413
1701944386424880832,1.4395505702194042e-11,0.002045570832364536,2.9999999970951947
1701944386426415119,-1.2241248220147584e-08,0.0020847552067619454,2.9999997289937896
1701944386427827306,-2.1540189554771846e-08,0.0021039968008905296,2.9999993999107395
1701944386429325465,-1.966687801127015e-08,0.0021244010705177346,2.999998903326408
1701944386430687894,1.3499610128441955e-09,0.0021429467589972363,2.9999983149196074
1701944386431960162,4.380270389054418e-08,0.00216025198334626,2.9999976430762216
1701944386433545141,1.3220729482175907e-07,0.0021817774395794334,2.9999966366194144
1701944386434736516,2.2443451739038836e-07,0.0021979229508718523,2.9999957568535063
1701944386436387919,3.829648672258465e-07,0.002220248733765249,2.9999943705139525
1701944386437807055,5.399360484383061e-07,0.002239384866102259,2.999993035290475
1701944386439387462,7.231105893867087e-07,0.0022606623062653543,2.9999914095441755
1701944386440851864,8.849850147118154e-07,0.002280361005073662,2.9999897880416033
1701944386442296635,1.0175697968510652e-06,0.0022997975860735683,2.9999880916847226
1701944386443891456,1.1050757948044548e-06,0.0023212628603091097,2.9999861164974795
1701944386445438044,1.103429229500122e-06,0.002342093042645532,2.999984101534835
1701944386446933674,9.977110536845593e-07,0.0023622473364100552,2.999982060626471
1701944386449102799,6.362240498130313e-07,0.00239150749725243,2.9999789377089825
1701944386450771245,1.8798097332855275e-07,0.002414059552587027,2.999976403187362
1701944386452630091,-4.716835229075567e-07,0.0024392825572561966,2.999973443344649
1701944386453920152,-1.0144206099329508e-06,0.002456884319343994,2.999971305272207
1701944386455283862,-1.640910148315213e-06,0.0024756116905244666,2.999968973025287
1701944386456496389,-2.222773643040707e-06,0.002492384345899349,2.9999668403901123
1701944386457862360,-2.878589366226002e-06,0.0025114178943292445,2.9999643777863625
1701944386459090380,-3.447693360764819e-06,0.0025286489514651793,2.9999621156761562
1701944386460342046,-3.989484150672399e-06,0.0025463057175270187,2.999959773043574
1701944386461633645,-4.496222688396507e-06,0.0025646172099361556,2.9999573273055673
1701944386462962961,-4.957226321543881e-06,0.0025835383203869334,2.999954796427805
1701944386464234178,-5.343805387420012e-06,0.002601705352791094,2.999952377999089
1701944386465695581,-5.734927116707444e-06,0.0026226777861506675,2.9999496210924073
1701944386467063883,-6.0658228009990696e-06,0.002642397700994215,2.9999470801723627
1701944386468362571,-6.367351399547621e-06,0.0026611877858044824,2.9999447185632078
1701944386469726462,-6.693348646171281e-06,0.0026809911242161024,2.9999423021437654
1701944386471042338,-7.037486263226161e-06,0.002700148472679268,2.999940040461179
1701944386472293619,-7.408327646641532e-06,0.0027183999107267625,2.9999379574266194
1701944386473651116,-7.871792499139968e-06,0.0027382263524611244,2.9999357751795714
1701944386475128220,-8.453872729710136e-06,0.0027598147931912785,2.9999334954609487
1701944386476679417,-9.148056011293073e-06,0.0027825048303752454,2.9999312088661343
1701944386478043888,-9.818312340974219e-06,0.002802486354619882,2.9999292883558346
1701944386479862230,-1.0773419320150268e-05,0.0028291705148510544,2.999926857380224
1701944386481505452,-1.1676202803901612e-05,0.002853356120372482,2.9999247811733594
1701944386482905507,-1.2459891120432203e-05,0.0028740272894690216,2.9999230964356682
1701944386483813551,-1.2970243331191655e-05,0.0028874688319251276,2.9999220420400023
1701944386485448595,-1.3887936282151765e-05,0.0029117252453908626,2.999920212865662
1701944386487585360,-1.5091352772609213e-05,0.0029435087886523627,2.9999179495460773
1701944386488949867,-1.5870594998594176e-05,0.0029638452056551697,2.9999165776105574
1701944386490322355,-1.667539992280579e-05,0.002984326593757506,2.9999152560022226
1701944386491530449,-1.7410755398425348e-05,0.0030023720229868946,2.9999141441105746
1701944386493332003,-1.857127360438315e-05,0.0030293179813135605,2.9999125846225008
1701944386494753262,-1.954838327482781e-05,0.003050612880417938,2.9999114443582617
1701944386496134297,-2.0552771356009474e-05,0.0030713287429389178,2.9999104199316835
1701944386497627150,-2.169682723309679e-05,0.0030937505663419813,2.999909410950937
1701944386499079417,-2.2858236036427962e-05,0.0031155736104931976,2.9999085314391896
1701944386500415641,-2.3955455617343472e-05,0.0031356513818310825,2.9999078117829794
1701944386501850301,-2.51446058805317e-05,0.00315719973036717,2.999907132259268
1701944386503432315,-2.6444240805259504e-05,0.0031809334183864036,2.999906489275618
1701944386504934583,-2.764611349864614e-05,0.0032034474125365326,2.999905974231102
1701944386506542549,-2.887659448055087e-05,0.003227522259092151,2.9999055153783383
1701944386507778775,-2.9772982808697214e-05,0.0032460258345899697,2.9999052199003557
1701944386509358157,-3.084361675155811e-05,0.003269658699872127,2.9999049028399862
1701944386511723999,-3.228132233156732e-05,0.0033050729347022397,2.999904532768263
1701944386513282997,-3.311963950343059e-05,0.003328419734806103,2.9999043485092294
1701944386514732773,-3.382499645168752e-05,0.0033501354107165573,2.9999042134317597
1701944386515983654,-3.437949331218983e-05,0.0033688680184130876,2.9999041231461065
1701944386517322858,-3.492085714926566e-05,0.0033889191760540275,2.9999040541124575
1701944386518870449,-3.548145083285032e-05,0.0034120787702521683,2.999904013415241
1701944386520257534,-3.592647305221071e-05,0.0034328265964267187,2.9999040165082014
1701944386521553568,-3.629558735889414e-05,0.0034522048667584336,2.999904056719609
1701944386523120416,-3.668596988043764e-05,0.0034756257983656886,2.999904156231282
1701944386524525563,-3.6987041496854655e-05,0.0034966245615056317,2.999904292184671
1701944386525899673,-3.723736621164732e-05,0.003517149964492854,2.9999044637926646
1701944386527225873,-3.74355856983491e-05,0.0035369549222393614,2.9999046596573433
1701944386528455880,-3.757741814937844e-05,0.0035553131712577845,2.99990486209742
1701944386529844846,-3.768268659391485e-05,0.0035760312693739827,2.9999051093051374
1701944386531181215,-3.7722783215365036e-05,0.003595957145611267,2.9999053632706794
1701944386532554435,-3.769499372043216e-05,0.0036164238222136094,2.999905640090105
1701944386533860333,-3.7598545566186325e-05,0.003635876241197837,2.9999059185965855
1701944386535143391,-3.7433210286384625e-05,0.0036549668257407145,2.99990620691167
1701944386536440257,-3.719169297334245e-05,0.003674241018934633,2.999906512883192
1701944386537700171,-3.688327043650561e-05,0.0036929297945690843,2.999906823027766
1701944386539084281,-3.645904653350103e-05,0.0037134168343836292,2.9999071770384793
1701944386540593192,-3.589495306268392e-05,0.0037356958451784054,2.9999075781151467
1701944386542123774,-7.372224874432941e-11,0.0003409407357218802,3.333332800185328
1701944386543927032,2.4320102714820157e-07,0.00029232760897250057,3.3428110525638455
1701944386545535759,5.290649389580133e-07,0.00026876811643723747,3.3473851575972207
1701944386546852022,8.340142403346201e-07,0.0002494494254489434,3.3511275653161827
1701944386548212287,1.2051095620485374e-06,0.00022945064459027113,3.354994719311305
1701944386549449084,1.5831670202009011e-06,0.00021123811721583522,3.3585107662637808
1701944386550707783,2.000636670704403e-06,0.00019267061645231683,3.362089874689562
1701944386552122650,2.504555688843816e-06,0.0001717673374763233,3.366112327212891
1701944386553672392,3.0991573517454994e-06,0.00014882375330042849,3.3705184738169924
1701944386555025285,3.6593909840135656e-06,0.00012875167885642534,3.3743653922910957
1701944386556292486,4.226030887730188e-06,0.00010992071140015229,3.3779682836186247
1701944386557594783,4.859519023689169e-06,9.054159877722308e-05,3.381670825119461
1701944386558918042,5.565449892309791e-06,7.08285279320356e-05,3.385433021219698
1701944386560344896,6.405543195036511e-06,4.95529515886125e-05,3.389490094973629
1701944386561469989,7.128720891555771e-06,3.276852543331262e-05,3.3926889839963885
1701944386562621466,7.924022342617081e-06,1.5586541754437887e-05,3.3959624435022895
1701944386564258850,9.145599088445339e-06,-8.859938495440989e-06,3.4006180996721116
1701944386565541392,1.0171556261000083e-05,-2.8017573934362532e-05,3.4042650837438573
1701944386566876689,1.1298160983110505e-05,-4.796563477172914e-05,3.4080612099447634
1701944386568242189,1.2507930309648198e-05,-6.837300603481095e-05,3.4119434387076035
1701944386569627903,1.379186457481753e-05,-8.909307902649959e-05,3.4158839816846647
1701944386571428694,1.5537910290921316e-05,-0.0001160230366730829,3.421004077961794
1701944386573326300,1.7462352594856947e-05,-0.00014440881014744287,3.4263994516630936
1701944386575160226,1.9388949608843587e-05,-0.00017185078327488265,3.4316138933413574
1701944386576756559,2.1102624739466847e-05,-0.0001957452698411989,3.4361525256281786
1701944386578057968,2.251200017632592e-05,-0.00021523847718198677,3.4398533019612363
1701944386579414005,2.3978163546549994e-05,-0.00023555988882328354,3.443708687262848
1701944386580656304,2.531007681973425e-05,-0.0002541960475605358,3.447241413029434
1701944386582109366,2.684378303076792e-05,-0.0002760144371445081,3.4513734693769407
1701944386583464235,2.8243617209053598e-05,-0.0002963736604128238,3.4552255616063228
1701944386584815325,2.9606505400535588e-05,-0.00031669430870524037,3.4590675009305905
1701944386586272914,3.103724355777623e-05,-0.00033862866490063466,3.4632124939591495
1701944386587749601,3.244430106717288e-05,-0.0003608533390611468,3.467411730125872
1701944386589030955,3.3630712279378296e-05,-0.00038013082125246236,3.471055053002935
1701944386590268306,3.474552036843772e-05,-0.00039873574777507336,3.4745736460259073
1701944386591665925,3.596418324015549e-05,-0.00041972415310307135,3.4785478552977396
1701944386592994813,3.707567488735011e-05,-0.00043964687950771446,3.4823268552493087
1701944386594292277,3.8105104151277245e-05,-0.00045905480621368,3.4860157400922938
1701944386595629801,3.9095078327951016e-05,-0.00047902242625925853,3.489819272158705
1701944386596916038,3.9965280010264535e-05,-0.0004981868084629278,3.4934771097740134
1701944386598146798,4.0711283880080444e-05,-0.0005164996864872269,3.496977721647483
1701944386599600992,4.1470163308322114e-05,-0.0005381114559725336,3.501113049215599
1701944386600715839,4.1956050699640046e-05,-0.000554673867097077,3.504283598093266
1701944386602774906,4.262337245321999e-05,-0.0005852668709020654,3.5101393447198963
1701944386604861240,4.299419498768096e-05,-0.0006162816867633475,3.5160732294436268
1701944386606642580,4.307510503667055e-05,-0.0006427712323160871,3.5211392920041664
1701944386607984137,4.3003027369874875e-05,-0.000662724837072355,3.5249550163470813
1701944386609340703,4.282868080532564e-05,-0.0006828970172095373,3.5288135266831544
1701944386610741475,4.255897639707375e-05,-0.0007037140336763941,3.5327975608082918
1701944386612239581,4.21895437596608e-05,-0.0007259648308764677,3.537059033702106
1701944386613588359,4.179989284140758e-05,-0.0007459829423280183,3.5408953807237276
1701944386615066466,4.132253524661927e-05,-0.0007679130686370383,3.5451000428319075
1701944386616531041,4.080195370646161e-05,-0.0007896358060300255,3.54926612053461
1701944386617853784,4.028847262324716e-05,-0.0008092508926681089,3.5530287349187626
1701944386619194796,3.971733208779554e-05,-0.000829129534680358,3.5568429400302715
1701944386620487380,3.910677140435366e-05,-0.0008482858249166505,3.560520189259709
1701944386621926277,3.834299390708546e-05,-0.0008695934269507793,3.564613221894495
1701944386623557777,3.7355041307591866e-05,-0.0008937306214052259,3.5692542986726536
1701944386624901877,3.643787813064936e-05,-0.0009135935154547691,3.5730774716563998
1701944386626063261,3.556880660789724e-05,-0.0009307458983740417,3.5763818226739645
1701944386627459375,3.4431940283520577e-05,-0.0009513423819299361,3.580352907700199
1701944386628799259,3.324671610372342e-05,-0.0009710975489864629,3.584164645082729
1701944386630171875,3.1936375501904175e-05,-0.000991322672527307,3.5880693501779604
1701944386631868870,3.0178071556434045e-05,-0.001016317727090009,3.592897238386492
1701944386633376181,2.8485293102961812e-05,-0.0010385103287655314,3.5971853100318762
1701944386635443436,2.5960829076946584e-05,-0.001068941417555181,3.6030667880354286
1701944386637808061,2.2789637392829216e-05,-0.0011037390639294026,3.609794278706357
1701944386639257601,2.0700182110491677e-05,-0.0011250648813084596,3.6139184977409986
1701944386640605410,1.8663987612364554e-05,-0.0011448877647607075,3.617753117857686
1701944386642195554,1.615473086068945e-05,-0.0011682665720692679,3.622276963218972
1701944386643656875,1.3754725964794594e-05,-0.00118975045545391,3.6264352058064904
1701944386644943478,1.4113963499482135e-10,0.0010228140971340815,3.666666955980283
1701944386646499671,-1.4055823586195072e-07,0.0010416668409432843,3.675882668702249
1701944386647942744,-3.147539205309158e-07,0.0010512372351164528,3.6805612612246037
1701944386649489524,-5.666047222596118e-07,0.001061489970637055,3.6855760965827287
1701944386650862849,-8.409822263133023e-07,0.0010705847876182203,3.690028253559198
1701944386652513369,-1.2309539436866568e-06,0.0010815030536968648,3.6953786148162924
1701944386653704550,-1.5546982282845267e-06,0.001089377479436552,3.6992410848156303
1701944386655171565,-2.008218750302026e-06,0.0010990672416667639,3.7039971463487693
1701944386656334128,-2.416328573886453e-06,0.0011067434067866754,3.7077661726043227
1701944386657614089,-2.9232605216368047e-06,0.0011151947933983747,3.7119155432210857
1701944386658873250,-3.4873195104540947e-06,0.0011235139251758437,3.715998472368337
1701944386660074862,-4.089897830313341e-06,0.0011314563025956357,3.7198943627396814
1701944386661304309,-4.7730938327457724e-06,0.0011395869931671106,3.7238799376536442
1701944386662746837,-5.659759967611643e-06,0.0011491376447145373,3.728557360013263
1701944386664304033,-6.713927212044118e-06,0.001159458302672196,3.733605835005692
1701944386665933339,-7.91392836909083e-06,0.0011702735834270182,3.738888540698634
1701944386667651384,-9.270426321969249e-06,0.0011816963562686726,3.744458814105968
1701944386669400650,-1.0729514517607614e-05,0.001193346316130688,3.750130359754982
1701944386670676087,-1.1832605768529642e-05,0.001201851029757561,3.754265172163989
1701944386671838726,-1.2859706633771958e-05,0.0012096122485123397,3.7580351234751546
1701944386673124383,-1.4012242721216743e-05,0.0012181992249338412,3.76220316374659
1701944386674402022,-1.5170958819686764e-05,0.0012267390550189056,3.7663456766989936
1701944386675788758,-1.6441411826858704e-05,0.001236012400381646,3.7708414200541367
1701944386677391358,-1.7929015804918945e-05,0.0012467353501128364,3.7760374451712755
1701944386678508413,-1.898215514817396e-05,0.0012542115967744123,3.7796596286109096
1701944386679921849,-2.0342726985416574e-05,0.0012636651283845048,3.7842418039543038
1701944386681362775,-2.1772875380103217e-05,0.0012732914247570878,3.7889135872913577
1701944386682993013,-2.345643863957721e-05,0.00128415484236728,3.794198264061999
1701944386684308354,-2.4873841092846454e-05,0.001292893459186031,3.7984625971422408
1701944386685452847,-2.615474822124735e-05,0.0013004733352662936,3.8021734734118717
1701944386687124046,-2.8108603383959776e-05,0.0013114937690486832,3.8075909600167077
1701944386688246424,-2.9477701849856427e-05,0.0013188658334785193,3.8112299088162906
1701944386689638466,-3.1238538866588146e-05,0.0013279751190460197,3.815742253825879
1701944386691150734,-3.32294683646197e-05,0.0013378347520957333,3.8206449154951874
1701944386692773416,-3.545174464849287e-05,0.0013483736473766008,3.825905429200126
1701944386694490978,-3.789203356476222e-05,0.0013594856104234404,3.831473546261663
1701944386696198186,-4.039293241871572e-05,0.0013704880521196677,3.83700839488932
1701944386697746175,-4.270870133024166e-05,0.0013804271260202093,3.8420268934566097
1701944386699223419,-4.494411906378202e-05,0.0013898799148919737,3.846815786006375
1701944386700831677,-4.738733922236012e-05,0.0014001389060854681,3.8520289275730217
1701944386702158729,-4.9399821240685366e-05,0.0014085840698535837,3.8563307652716636
1701944386704184607,-5.244731920383376e-05,0.001421449319783838,3.8628977784961354
1701944386705803326,-5.4853731671190504e-05,0.0014317101918549077,3.868145399781038
1701944386707192540,-5.689508195903301e-05,0.0014405009350499651,3.872647916550628
1701944386708413663,-5.867216947579e-05,0.0014482176795376789,3.8766062998311845
1701944386709900207,-6.081662136923719e-05,0.0014575924017639977,3.88142475955449
1701944386711366165,-6.291678431237952e-05,0.0014668132950691522,3.8861766839172045
1701944386712819411,-6.49913368072946e-05,0.0014759256711019332,3.89088680831235
1701944386714178160,-6.693167087465639e-05,0.0014844200262982036,3.8952908500570813
1701944386715677564,-6.908162006412965e-05,0.0014937664476294289,3.9001507630131873
1701944386717012887,-7.100998598115474e-05,0.0015020701441325183,3.904478955939536
1701944386718223907,-7.277428016458372e-05,0.001509588045431973,3.908403722454068
1701944386719598647,-7.48003910240888e-05,0.0015181142569625932,3.912859304685863
1701944386720971989,-7.685410792548176e-05,0.0015266266522537344,3.9173109574679654
1701944386722375425,-7.898689669785024e-05,0.001535316797131117,3.9218591311072584
1701944386724071414,-8.161427567229416e-05,0.0015458065133101722,3.927356100823988
1701944386725419714,-8.374138249752206e-05,0.0015541306644686578,3.93172563585515
1701944386727122752,-8.647336619496324e-05,0.0015646217382511707,3.9372448455226348
1701944386728625047,-8.89203291760916e-05,0.0015738520995587605,3.9421133928544467
1701944386730244104,-9.15889233025685e-05,0.001583775034687908,3.947360472420945
1701944386731693679,-9.399891599309281e-05,0.001592639186275656,3.9520581309046574
1701944386732855598,-9.59395375315317e-05,0.0015997328274550667,3.9558231637076653
1701944386734504031,-9.869719044711077e-05,0.0016097868439370494,3.961165057334651
1701944386736445081,-0.00010194029648516437,0.0016216165100267725,3.9674556000567027
1701944386737565239,-0.00010380613437301181,0.001628438972618373,3.9710852283839366
1701944386739342281,-0.0001067541162396752,0.0016392578911792388,3.9768432391165356
1701944386740847309,-0.00010923866881050862,0.0016484170233724213,3.9817204123362737
1701944386742111083,-0.00011131522749736514,0.0016561023131375838,3.985814910893044
1701944386743383223,-0.00011339694663982547,0.0016638360602979523,3.989937157145001
1701944386744639388,-0.00011544361731739935,0.0016714699462426212,3.9940075827036274
1701944386745916678,-0.00011751563165412183,0.0016792300459648737,3.9981459305324543
1701944386747269072,-0.00011970072392648619,0.0016874483485580258,4.002528328366007
1701944386748500464,-0.00012168236025727054,0.0016949313121793694,4.006517467104302
1701944386749773890,-5.463844594865222e-11,0.0013637545310988305,4.000000004757593
1701944386751090151,1.0666133602581138e-08,0.0013721871469471608,4.008234453566065
1701944386752464891,2.3482517020411126e-08,0.0013766735039223634,4.0126063046335645
1701944386753741325,3.608736692255961e-08,0.0013808453749860194,4.01666425353044
1701944386755075470,4.605344181916555e-08,0.0013852154081820977,4.020906356628752
1701944386756329301,4.954684482413114e-08,0.001389329972276699,4.024892941540634
1701944386757835270,4.438853749811347e-08,0.0013942787930284017,4.029681476693543
1701944386759504217,2.7953222801751397e-08,0.0013997643042428158,4.034987666632722
1701944386761178393,4.845982381360226e-09,0.0014052614286620517,4.040310440767197
1701944386762558744,-1.3195090861453977e-08,0.0014097858074389538,4.044698513098874
1701944386763942318,-2.165645149075556e-08,0.0014143155634401062,4.049097131769477
1701944386765183876,-1.225282403065315e-08,0.001418381603915401,4.053044687197438
1701944386766339312,1.989485019633128e-08,0.001422173951802365,4.056717799376177
1701944386767585949,9.08372380088433e-08,0.0014262871661154585,4.060681145815014
1701944386769691486,3.2688791709473995e-07,0.0014333129456037545,4.067374459707881
1701944386771504395,6.739129225669322e-07,0.001439462413365301,4.073137577924326
1701944386772905476,1.0558191419353569e-06,0.0014442916159922935,4.077591641408196
1701944386774357926,1.5818572060579862e-06,0.0014493786552576874,4.08220849521235
1701944386775703521,2.2085300152386717e-06,0.0014541710526125265,4.086484923374192
1701944386776925610,2.9093114318717882e-06,0.0014585946989954213,4.090369426934517
1701944386778516272,4.0220031444997666e-06,0.0014644546791307313,4.095425318647836
1701944386779624948,4.930407109123263e-06,0.0014686065470526034,4.098948873312552
1701944386780789051,5.989670944265026e-06,0.0014730233145171393,4.102648901520366
1701944386782135307,7.321708393238549e-06,0.0014781937074137591,4.106927001710413
1701944386783455279,8.704718560083181e-06,0.0014833141972728097,4.111122454063016
1701944386784667473,1.0006214242662523e-05,0.0014880374754267197,4.114974639573
1701944386785681052,1.1091524904120765e-05,0.0014919820315212747,4.118195654194183
1701944386787332747,1.2797731012924861e-05,0.0014983455655724757,4.123445079780399
1701944386788691450,1.411066439709406e-05,0.0015034829800484113,4.127763315947268
1701944386790388573,1.5593339220601134e-05,0.0015097216618595174,4.133156813511403
1701944386792178196,1.6942039891842455e-05,0.001516044779795996,4.138844386047679
1701944386793631921,1.7870868883545683e-05,0.001520971697332059,4.143465127180548
1701944386794994271,1.861463688756449e-05,0.0015254154548215854,4.14779494811256
1701944386796389335,1.9270027658920896e-05,0.0015298004766104985,4.152228640154646
1701944386797444604,1.971217207685944e-05,0.0015330139629629656,4.155582554666914
1701944386798887236,2.0279353176729026e-05,0.0015372761014471193,4.160167905053991
1701944386800254831,2.081136032956395e-05,0.0015411860887669321,4.164514597750929
1701944386801787567,2.144468038859686e-05,0.0015454296279938805,4.169386472129519
1701944386803214275,2.210155401418001e-05,0.0015492598704225824,4.173921137871983
1701944386804798115,2.2935026187078805e-05,0.0015533982655494044,4.178955180822267
1701944386805982582,2.3637839031237185e-05,0.00155643194789963,4.182719893539812
1701944386807340878,2.452393458759925e-05,0.0015598718583001564,4.187037001981413
1701944386808459569,2.5306960790730102e-05,0.0015626904526578357,4.190592501303284
1701944386809889524,2.6350408184377734e-05,0.0015662959591045687,4.195137611327254
1701944386811069339,2.722581574456717e-05,0.0015692807644690804,4.198887021852748
1701944386812807231,2.849785944493956e-05,0.0015736983106927774,4.204411058256765
1701944386813752433,2.916938127510167e-05,0.0015761073416533007,4.207414779409551
1701944386815155304,3.0122611106318632e-05,0.0015796814407007616,4.211873372042914
1701944386816558592,3.10146452576478e-05,0.0015832469719426476,4.216333488718068
1701944386817667534,3.167166773994207e-05,0.0015860555395826143,4.219857803832258
1701944386819122176,3.2465586928234314e-05,0.0015897335369052597,4.224480906963299
1701944386820889531,3.332340951068492e-05,0.0015942102796189918,4.23009827454395
1701944386822830379,3.4128337461235845e-05,0.0015991622407094323,4.236267405154312
1701944386824302271,3.464324911904421e-05,0.0016029566415793105,4.240945279065478
1701944386826225549,3.5197722146736115e-05,0.0016079824325138622,4.247058476895776
1701944386827477684,3.549266409970033e-05,0.0016112993946717626,4.251038480503433
1701944386828647553,3.573124128691893e-05,0.0016144334270238995,4.254757043188673
1701944386830140140,3.600505893051271e-05,0.001618487178812321,4.259500910221347
1701944386831666632,3.6277058898825634e-05,0.0016227087797325652,4.264353125446915
1701944386832784171,3.6489588472361026e-05,0.0016258553376335303,4.267904937174677
1701944386834579090,3.6896442184244184e-05,0.001631024855052444,4.273609638480272
1701944386835742701,3.721892315457113e-05,0.0016344560564040948,4.277308433838378
1701944386836861721,3.758512703848599e-05,0.0016378126177317483,4.280864748753294
1701944386838198469,3.810411317144298e-05,0.0016418897734997197,4.285113656132875
1701944386839187323,3.85471356289213e-05,0.0016449479207354548,4.288256925520084
1701944386840461538,3.918994819489121e-05,0.0016489352409222147,4.292306450317189
1701944386841982222,4.0055231757276085e-05,0.0016537659493197064,4.297139421592791
1701944386843198908,4.081631234858707e-05,0.0016576958069113937,4.301006933591697
1701944386844368123,4.159550169522921e-05,0.0016615380815616415,4.304722828936009
1701944386845519030,4.239834401732921e-05,0.0016653978095204467,4.308380315775567
1701944386846745345,4.3280152189038375e-05,0.001669609406891944,4.312277178480176
1701944386847906935,4.412747541472311e-05,0.0016737010681856527,4.315968654973302
1701944386849030536,4.494510925248796e-05,0.001677753260678661,4.319539623490731
1701944386850821624,4.621841111892465e-05,0.0016843848248051547,4.325232058233996
1701944386852338954,4.725632771386157e-05,0.0016901458668041904,4.330053880660079
1701944386854066081,1.8496680220998242e-11,0.0020455715067892273,4.000000230824288
1701944386855504610,-8.145706091979279e-08,0.002066473062350483,4.000000292924925
1701944386856770070,-1.5417267547826082e-07,0.002074940324426979,4.0000002741415095
1701944386857966426,-2.2974074517717004e-07,0.002082995765698087,4.000000226144194
1701944386859238494,-3.008743177470483e-07,0.002091614445559445,4.000000132439933
1701944386860749241,-3.5199126873884144e-07,0.0021019306744790222,3.999999948352196
1701944386862089707,-3.535552952317172e-07,0.0021111603387096367,3.9999997076809297
1701944386863204356,-3.174051335100558e-07,0.002118893190141348,3.99999944671478
1701944386864420152,-2.3768734003770312e-07,0.002127387363454545,3.999999097858538
1701944386865479748,-1.3607414515965925e-07,0.0021348337940946195,3.999998742067382
1701944386866913983,4.229157526312749e-08,0.0021449676787300216,3.9999981935263147
1701944386868149818,2.2841072553684956e-07,0.0021537369421082866,3.9999976685554937
1701944386869186563,4.048389996078439e-07,0.0021611153139916863,3.9999971979732827
1701944386870325146,6.189035245950516e-07,0.002169232200794578,3.999996655607074
1701944386871490152,8.611537446086063e-07,0.002177553951695498,3.9999960744638456
1701944386873086206,1.2344552029604226e-06,0.0021889751840181893,3.9999952304380573
1701944386874140624,1.5087367710640053e-06,0.002196536062426596,3.999994636646306
1701944386875775767,1.9783934416415027e-06,0.002208283063435695,3.999993641867663
1701944386876940133,2.34518721338066e-06,0.0022166667381505814,3.9999928704074312
1701944386878251266,2.788516543361306e-06,0.0022261243862552282,3.999991931427414
1701944386879903521,3.3888820367350843e-06,0.0022380712014274254,3.999990639556131
1701944386881553016,4.02881484889935e-06,0.002250028420400754,3.999989235324047
1701944386883204412,4.702901338656225e-06,0.002262031589308467,3.9999877285938
1701944386885242668,5.569860793657475e-06,0.0022768852795121,3.9999857563609442
1701944386887379758,6.510143321602037e-06,0.0022925020698454433,3.9999835806573905
1701944386889086134,7.278491789430197e-06,0.00230500179665746,3.999981775071199
1701944386890471121,7.91063374967017e-06,0.0023151588550019966,3.9999802658885066
1701944386891441962,8.357514433372423e-06,0.002322281656523675,3.9999791808053855
1701944386894016669,9.558528784504797e-06,0.0023411538016039255,3.9999761564139744
1701944386895350964,1.019213786731068e-05,0.0023509150363090967,3.9999744938274713
1701944386896573785,1.0784020401835974e-05,0.0023598427787256447,3.999972901350948
1701944386897965327,1.1477066020314985e-05,0.002369975833380878,3.9999710013494654
1701944386899279090,1.2155773819302257e-05,0.00237951415402529,3.999969120091025
1701944386900920704,1.3042670585019386e-05,0.0023913996169994353,3.9999666531936136
1701944386902264716,1.3801720058316628e-05,0.0024011084556445224,3.999964541588566
1701944386904018801,1.4832854811713702e-05,0.0024137476560672773,3.999961669269535
1701944386905545920,1.5763466222573146e-05,0.0024247215624499103,3.999959063710442
1701944386906929710,1.6629426845019507e-05,0.002434636529068771,3.9999566189299154
1701944386908111283,1.738446780415981e-05,0.002443075906489457,3.9999544677892596
1701944386909555325,1.8327233366676013e-05,0.0024533507971576294,3.999951757368324
1701944386911103841,1.9365076723648913e-05,0.0024643163325703647,3.999948748753951
1701944386913154777,2.0788498253673852e-05,0.0024787641094592655,3.999944592676325
1701944386914860322,2.2016266463324598e-05,0.0024907125517266127,3.999940984504196
1701944386916567997,2.328428068046911e-05,0.002502624904620616,3.9999372291676156
1701944386917825151,2.4238288555615126e-05,0.002511363068031553,3.9999343737163935
1701944386918918243,2.5076247616841116e-05,0.0025189394077132004,3.9999318301202895
1701944386920944591,2.663146017506601e-05,0.0025329404479618417,3.999926970504349
1701944386922179222,2.7572720358833283e-05,0.0025414396054892294,3.9999239226853507
1701944386923521176,2.8584754072881336e-05,0.0025506538870388585,3.9999205392791963
1701944386924696780,2.9461209271058986e-05,0.0025587034552383425,3.9999175188971456
1701944386925896028,3.034922735057077e-05,0.0025668985943656363,3.9999143840632754
1701944386926965915,3.114073660210295e-05,0.0025741976485416248,3.9999115417522857
1701944386928656015,3.240061106146135e-05,0.002585705486203233,3.999906961519366
1701944386930086231,3.348275947646961e-05,0.002595422016127378,3.9999029941677935
1701944386931565186,3.462388646336925e-05,0.002605449102305296,3.999898793799674
1701944386933112189,3.58447919219368e-05,0.0026159027227987677,3.9998942883911908
1701944386934754608,3.71735918491078e-05,0.0026269574270648723,3.999889373600956
1701944386935974235,3.8181710467680285e-05,0.0026351320639998012,3.999885637095931
1701944386937529278,3.949306737063012e-05,0.0026455159623262406,3.999880767907029
1701944386938820340,4.060318107132818e-05,0.0026541049664135985,3.99987664119674
1701944386940342585,4.1937005888434104e-05,0.002664204858061656,3.9998716825859213
1701944386941817987,4.325510179188143e-05,0.0026739725571390646,3.9998667852667618
1701944386943483334,4.4772055745906464e-05,0.0026849814759506126,3.999861151383838
1701944386945022351,4.619984274322895e-05,0.002695141476672035,3.999855845571534
1701944386946826415,4.7903169490874235e-05,0.0027070321903329064,3.999849502726607
1701944386948185168,4.9206449645997305e-05,0.002715969324322199,3.999844636529367
1701944386949658711,5.064018934087175e-05,0.0027256366086016734,3.999839271205431
1701944386951006717,5.197192950921924e-05,0.002734454518999229,3.9998342812585794
1701944386952747801,5.372217025728901e-05,0.0027458034354465176,3.999827721698973
1701944386954169445,5.517574275772718e-05,0.002755037798645448,3.9998222714192075
1701944386955715372,4.716438001327143e-12,0.0006818786852773725,3.6666672278524817
1701944386957299753,3.841478052109362e-08,0.0006398390087681411,3.656402488354662
1701944386958661857,7.585963029031518e-08,0.0006215200082802569,3.6519357291249195
1701944386960116244,1.2114794049248506e-07,0.0006019508912678244,3.647166310530931
1701944386961393493,1.6068035319458643e-07,0.0005847564874711647,3.6429769750937355
1701944386962824005,2.014393380422022e-07,0.0005654938199488929,3.638285600057353
1701944386964111399,2.3458796938006977e-07,0.0005481496790856785,3.6340640837719205
1701944386965429683,2.6635688864126456e-07,0.0005303694437362281,3.6297400811110334
1701944386966830509,2.996309393057355e-07,0.000511459168194292,3.625146257834678
1701944386968190846,3.320536089606067e-07,0.0004930699917914163,3.6206845251789685
1701944386969490224,3.6045167387128954e-07,0.00047548316164307914,3.6164229204985303
1701944386970910933,3.800528782280111e-07,0.0004562260173866731,3.6117632554934955
1701944386972011868,3.7836884911267245e-07,0.0004412833433318194,3.608152940303891
1701944386973538776,3.321179807128346e-07,0.0004205156866854735,3.6031444387818565
1701944386975325783,1.8877084467861215e-07,0.00039614954918007776,3.5972835455859213
1701944386976926310,-3.937577939120925e-08,0.0003742612355565861,3.5920341226376937
1701944386978663440,-4.069301703935249e-07,0.0003504325125225585,3.586336600361158
1701944386980032603,-7.868010696833204e-07,0.0003315979539463261,3.581845662345351
1701944386981469353,-1.2667138876168915e-06,0.00031178933238144065,3.577133411621321
1701944386982814385,-1.7838696400717288e-06,0.0002932081097076978,3.572722215292401
1701944386984123194,-2.340860109204244e-06,0.00027509351585906723,3.5684290870392084
1701944386986162683,-3.2925602767500434e-06,0.0002468178323623939,3.561739904504489
1701944386987890365,-4.163241058504521e-06,0.0002228197330267678,3.5560727436633024
1701944386989294927,-4.90259880405731e-06,0.00020328795314977918,3.551465934267912
1701944386990734957,-5.678850738805077e-06,0.00018324533316143462,3.5467425551187715
1701944386991982182,-6.358769601726126e-06,0.00016587805730756218,3.542651778336976
1701944386993388248,-7.127017876260042e-06,0.00014629567383786092,3.538040111383452
1701944386994794497,-7.893769371692034e-06,0.00012670926460535441,3.533426812894298
1701944386996072061,-8.588199756497284e-06,0.00010892797830763031,3.529236544351668
1701944386997383941,-9.301694076287644e-06,9.068450260685802e-05,3.524933605861257
1701944386998736014,-1.0042604076131401e-05,7.190306891480537e-05,3.5204984472175394
1701944386999978603,-1.073462024405904e-05,5.466444742195125e-05,3.516422223271539
1701944387001418540,-1.1559816021619955e-05,3.4713564548944964e-05,3.511698397153681
1701944387002875276,-1.243175450769587e-05,1.4555065362013069e-05,3.506919795916493
1701944387004442497,-1.3427344795595851e-05,-7.114441121182695e-06,3.501779065485739
1701944387006686446,-1.498945398141363e-05,-3.813579191368637e-05,3.4944179484298177
1701944387008354596,-1.6274610472500093e-05,-6.12041464741621e-05,3.488945606253501
1701944387009775030,-1.746773568371978e-05,-8.085650399243095e-05,3.48428666023168
1701944387011049268,-1.86268556460077e-05,-9.850397365115222e-05,3.480106375752569
1701944387012574917,-2.013716950323352e-05,-0.00011965232005596537,3.4751018007260215
1701944387013936258,-2.1605031857637934e-05,-0.0001385458044803557,3.4706361253386766
1701944387015311803,-2.3207287371468557e-05,-0.0001576615927025753,3.4661243554443466
1701944387016778304,-2.5046971773529715e-05,-0.0001780832450777441,3.4613138919770874
1701944387018056614,-2.6756490146571286e-05,-0.00019592870265793444,3.4571205228952775
1701944387019671532,-2.9042788176668877e-05,-0.00021854034860255395,3.451823731830348
1701944387021174965,-3.128174804449773e-05,-0.0002396674335193712,3.4468922010145806
1701944387022415158,-3.3192628936143986e-05,-0.00025714612226943295,3.4428240646715014
1701944387024243808,-3.607963137034601e-05,-0.00028297851426969126,3.4368258967627985
1701944387025663754,-3.8356960247568265e-05,-0.00030307050152207144,3.4321681424431643
1701944387026936857,-4.0407443807534046e-05,-0.00032108836915217945,3.4279929061352616
1701944387028355603,-4.268916300327637e-05,-0.00034116457194832825,3.423339078191417
1701944387029886619,-4.513793232055082e-05,-0.00036281098420975523,3.4183169314480715
1701944387031235619,-4.72798152432665e-05,-0.0003818621277459542,3.413892269038539
1701944387032712698,-4.9606118642815853e-05,-0.0004026989851321372,3.409047692042702
1701944387034131739,-5.1822679037483204e-05,-0.0004226969990902225,3.404393180035611
1701944387035993766,-5.470829293862543e-05,-0.00044890585523651587,3.3982857561504654
1701944387038319587,-5.828991610495504e-05,-0.0004815884429118459,3.3906574370315763
1701944387040004085,-6.087923264124272e-05,-0.000505219224217772,3.385132737128445
1701944387041580019,-6.330932973633596e-05,-0.0005272962828779324,3.3799638845393045
1701944387042857479,-6.529089168592634e-05,-0.0005451686057342338,3.3757740947382944
1701944387044185917,-6.736763650201754e-05,-0.0005637327586683227,3.371416991025035
1701944387045645920,-6.96717080160206e-05,-0.0005841101810030972,3.366628274483891
1701944387047148901,-7.206737039511643e-05,-0.0006050583941134443,3.361698839747624
1701944387048678042,-7.452765487596816e-05,-0.0006263431266671776,3.356683427407463
1701944387050075150,-7.679152884536418e-05,-0.00064576065662571,3.352102030772649
1701944387051612351,-7.929471889535727e-05,-0.0006671009767790812,3.347060111141177
1701944387053152190,-8.18065762680783e-05,-0.0006884399165365385,3.34201041708975
1701944387054464415,-8.394526720392066e-05,-0.0007065938795717572,3.337706720001174
1701944387055700963,-8.595437938357032e-05,-0.0007236676126487654,3.3336509247037855
1701944387056888890,-8.78754746356122e-05,-0.0007400273468454238,3.3297554520709776
1701944387058078016,-8.97898653536697e-05,-0.0007563608473910732,3.3258553161008417
1701944387059419560,-9.19405543744448e-05,-0.0007747240363977464,3.321455573707978
1701944387060880516,-9.427475068498177e-05,-0.0007946376807746127,3.3166649121004967
1701944387062058478,-9.615301729270337e-05,-0.0008106333993499251,3.312801593763724
1701944387063351947,-9.821191904925854e-05,-0.00082813136203256,3.308559852882942
1701944387064709289,-0.00010036882988166881,-0.0008464227734088593,3.304108576185286
1701944387066780898,-0.00010365246462844621,-0.0008742067201317508,3.297314789257752
1701944387068526158,-0.00010641029996300671,-0.0008974989797165356,3.2915906433340636
1701944387071010451,-0.00011032226426573143,-0.0009304857998784517,3.283444288767247
1701944387072595096,-0.00011281299115559257,-0.0009514421477648489,3.278247210746736
1701944387073844318,-2.627936826211496e-11,0.0013637527504496848,3.333332979679885
1701944387075191395,-4.2020824078719156e-09,0.001378813409179411,3.3260066273170743
1701944387076354641,-9.153321557571768e-09,0.001385608477306174,3.3227242800932597
1701944387077723000,-1.743806147093887e-08,0.0013936378147505805,3.318863411871373
1701944387079089698,-2.6289839062448583e-08,0.0014016962132059772,3.3150073022753563
1701944387080173253,-3.182565745902284e-08,0.0014081117898616052,3.311949761147091
1701944387081882332,-3.486777352970764e-08,0.0014182684727064427,3.30712770968677
1701944387082966355,-3.277234915603538e-08,0.0014247312791542694,3.3040688823346263
1701944387084568307,-2.451744064181936e-08,0.001434299304424538,3.2995489485989014
1701944387085757858,-1.5157539584998535e-08,0.001441414776900305,3.296192145403632
1701944387087042190,-2.9651698866523274e-09,0.0014491008929127713,3.292568963050463
1701944387088399613,1.2235834213802124e-08,0.0014572331662042993,3.288738601929596
1701944387090014945,3.552032710341706e-08,0.001466921411021722,3.284181072392962
1701944387091378344,6.162263004003245e-08,0.0014751124639537298,3.2803339336655184
1701944387092974786,9.995842657852423e-08,0.00148471925216574,3.275829602147176
1701944387094348630,1.3624792194322883e-07,0.0014929999257245444,3.2719535906238866
1701944387095892202,1.7194957609173105e-07,0.001502319363444921,3.2675986587015498
1701944387097122696,1.891789749487329e-07,0.001509761572108415,3.264126979357562
1701944387099456521,1.683676562196767e-07,0.0015239130601716307,3.2575422111223404
1701944387100965773,1.070638886730432e-07,0.0015330896170217933,3.2532842460066576
1701944387102547792,-7.700176235649475e-09,0.001542729922032369,3.2488204772657805
1701944387103976750,-1.5795870534795826e-07,0.00155145098932404,3.244789258755306
1701944387105255239,-3.2673179686869996e-07,0.0015592629393126926,3.24118251290636
1701944387106224182,-4.7232028888560876e-07,0.0015651893902716616,3.238448213006212
1701944387107902781,-7.49174127485232e-07,0.0015754571642755853,3.233712839252144
1701944387109174885,-9.747187962361036e-07,0.001583240081889167,3.2301236769826955
1701944387110382945,-1.1975418288277162e-06,0.0015906272932726534,3.2267154775252296
1701944387111809691,-1.4693393174591546e-06,0.001599341806404706,3.2226905042651963
1701944387113161832,-1.7364346031107877e-06,0.0016075855775653314,3.218876081781465
1701944387114262505,-1.9632852347119154e-06,0.0016142828661735277,3.215770612109066
1701944387115986878,-2.3434669245992737e-06,0.001624742827477223,3.210906273369251
1701944387117277473,-2.651670755554207e-06,0.001632547131102074,3.207265437812374
1701944387118345443,-2.9237767241810085e-06,0.0016389915716450488,3.2042521610129233
1701944387119778821,-3.31326117769541e-06,0.0016476227335844081,3.2002084717002472
1701944387121160408,-3.7142625758575337e-06,0.0016559272191704443,3.196310759365618
1701944387122578913,-4.152000798164206e-06,0.0016644388618866418,3.1923094895645616
1701944387123932306,-4.596286001731151e-06,0.001672547558389419,3.1884911880174354
1701944387125235314,-5.051851164087426e-06,0.001680337723032927,3.1848154970915825
1701944387126730392,-5.612776472429952e-06,0.001689253746001908,3.1805977262102707
1701944387128535430,-6.3486000439328695e-06,0.0016999825741623445,3.175505631720734
1701944387129735681,-6.874402936713016e-06,0.0017070950275360995,3.1721198895954323
1701944387132166071,-8.029337050491425e-06,0.0017214511898212977,3.165263703694981
1701944387133499601,-8.714116519296276e-06,0.0017293028694609243,3.161502038278506
1701944387134793113,-9.412484657134803e-06,0.0017369032566761922,3.157853377552962
1701944387136748545,-1.0530725939989117e-05,0.0017483662597009022,3.152337028568525
1701944387137795019,-1.1159247231005007e-05,0.0017544863332295273,3.14938516695842
1701944387139634210,-1.2311969983452071e-05,0.001765217967009567,3.1441970649947724
1701944387140875820,-1.3123167719402099e-05,0.0017724445301698347,3.1406944048456924
1701944387142158097,-1.398608726340045e-05,0.0017798899138297883,3.1370774264514485
1701944387143175316,-1.4687119501017202e-05,0.0017857841144873678,3.1342076660514393
1701944387144473126,-1.559958229407102e-05,0.0017932850783210243,3.130547011349427
1701944387146183829,-1.6830135056648627e-05,0.0018031423223556914,3.125721552183011
1701944387147545736,-1.7830887463079184e-05,0.0018109669020609951,3.1218793782245973
1701944387148821905,-1.878465348876084e-05,0.0018182792678505806,3.118280016319446
1701944387150150940,-1.9795244186706702e-05,0.0018258804029303648,3.114530708428876
1701944387151637151,-2.0946921208363744e-05,0.001834362577038678,3.1103389111938453
1701944387152934017,-2.197211238968635e-05,0.0018417538574068094,3.1066804423513457
1701944387154068462,-2.2885404668037285e-05,0.0018482107890154806,3.1034806418379266
1701944387155596375,-2.4142901052977898e-05,0.001856896884220876,3.0991712189261906
1701944387156935866,-2.5273728290584256e-05,0.0018645050366267795,3.0953924195638147
1701944387158662337,-2.6770976191869286e-05,0.0018742994340515472,3.0905228396918547
1701944387160418259,-2.8337082076292672e-05,0.0018842508625753803,3.085569894860017
1701944387162150833,-2.9918854859195246e-05,0.001894058218675481,3.0806828826755046
1701944387163764934,-3.1418893845334246e-05,0.0019031815074641288,3.076130128239841
1701944387165029095,-3.260811277881606e-05,0.001910314931676854,3.072564609436611
1701944387166370615,-3.388173800754846e-05,0.0019178722066657277,3.068780553541582
1701944387167679946,-3.513533954353258e-05,0.0019252348233998152,3.065087302298066
1701944387169680338,-3.70715293590485e-05,0.0019364636465971355,3.059445241270957
1701944387171093478,-3.845670826031821e-05,0.0019443885466389828,3.0554595056372413
1701944387172352770,-3.970615890727122e-05,0.001951452234571138,3.0519075257879407
1701944387173598440,-4.095904171833868e-05,0.0019584458157400654,3.0483938862991855
1701944387174860063,-4.2247463509150445e-05,0.001965537188178938,3.04483587332307
1701944387176332014,1.330056657395046e-11,1.4282713588220641e-09,3.3333328059910046
1701944387177765872,-5.829185564718693e-08,-3.863545475814562e-05,3.3332193043452474
1701944387178993987,-1.1784965559995127e-07,-5.4947645138513616e-05,3.333171353573626
1701944387180392163,-2.098060050961208e-07,-7.351105910857941e-05,3.333116772616585
1701944387181792482,-3.252251109252712e-07,-9.209160383253905e-05,3.3330621371636133
1701944387183185979,-4.5980626095613696e-07,-0.00011057711886313022,3.3330077836912344
1701944387184537691,-6.053674642000407e-07,-0.0001285002600836914,3.332955088095841
1701944387185902731,-7.636878273241185e-07,-0.0001465969295646622,3.332901883736283
1701944387187276283,-9.314364649044063e-07,-0.00016479552861539755,3.3328483746093007
1701944387189021869,-1.1544578153595914e-06,-0.00018790645610770233,3.3327804035323325
1701944387191067381,-1.429816213611143e-06,-0.0002149675802665042,3.332700780226538
1701944387192791182,-1.674766602331353e-06,-0.00023775106214183036,3.3326337141289413
1701944387193921734,-1.842322774365011e-06,-0.00025268534462271816,3.332589740355258
1701944387195266811,-2.048334688931048e-06,-0.0002704425816432228,3.3325374422739227
1701944387196510751,-2.2441245517076935e-06,-0.00028685994949039737,3.332489076762389
1701944387197813780,-2.4526755005981966e-06,-0.0003040445757296725,3.3324384325318817
1701944387199387659,-2.7072602637205195e-06,-0.0003247850850016969,3.332377275980961
1701944387200816224,-2.9404252071000425e-06,-0.0003435940073748863,3.332321776409305
1701944387202096455,-3.151941047369842e-06,-0.0003604338823875674,3.332272049770837
1701944387203495015,-3.3877635564528686e-06,-0.000378810449970615,3.332217741747672
1701944387204889255,-3.6297531311601624e-06,-0.00039711201393724744,3.3321636111273443
1701944387205981049,-3.824752486960164e-06,-0.0004114303380974812,3.3321212337922375
1701944387207325354,-4.071248040837621e-06,-0.0004290502476420927,3.3320690556180343
1701944387208552727,-4.301297445855625e-06,-0.00044512369575201396,3.33202143076802
1701944387209979623,-4.5727192812358566e-06,-0.00046379196435074994,3.3319660862162044
1701944387211511473,-4.866839786183285e-06,-0.00048381597988730104,3.331906682546807
1701944387212739563,-5.1035615450787346e-06,-0.0004998530837406936,3.3318590741746146
1701944387214088942,-5.364101621378857e-06,-0.000517456616547598,3.3318067794681556
1701944387215369837,-5.612113376893944e-06,-0.0005341492588491386,3.331757154615674
1701944387216791004,-5.889137089286221e-06,-0.0005526452788727498,3.331702128831035
1701944387218155223,-6.158764956306787e-06,-0.0005703840973665878,3.331649319988861
1701944387219943039,-6.521182700613177e-06,-0.0005936078384252583,3.331580138287773
1701944387221997218,-6.954133068079756e-06,-0.0006202629857111455,3.3315006876554745
1701944387223736273,-7.335974346382646e-06,-0.0006428103092034909,3.3314334565928982
1701944387225454456,-7.72630784837087e-06,-0.0006650780837666418,3.331367054357578
1701944387226778762,-8.034333973942163e-06,-0.0006822341450511485,3.331315902321149
1701944387228057507,-8.335995061936649e-06,-0.0006988008850115342,3.3312665195085907
1701944387229324629,-8.637971239107272e-06,-0.0007152100458226087,3.3312176180074897
1701944387230734322,-8.978100199708075e-06,-0.0007334623217571378,3.3311632300886913
1701944387231928580,-9.270925910647047e-06,-0.0007489162535902925,3.3311171780955577
1701944387233352377,-9.627928254367109e-06,-0.0007673297542540635,3.331062295797249
1701944387234597973,-9.948342187026493e-06,-0.0007834271516420156,3.3310143071173486
1701944387235706697,-1.0239985398437403e-05,-0.000797753205071431,3.3309715968100475
1701944387237091566,-1.0611313986777566e-05,-0.0008156394716494069,3.330918280889637
1701944387238413957,-1.097174347343609e-05,-0.0008327211503486099,3.330867380790135
1701944387239892878,-1.1379523330081871e-05,-0.0008518238136509869,3.3308104841144455
1701944387240949196,-1.167300349988468e-05,-0.0008654668063249398,3.3307698647115878
1701944387242277335,-1.2044396251656994e-05,-0.0008826228120686941,3.3307187992531753
1701944387243813369,-1.2477937540224026e-05,-0.0009024578168438994,3.330659769721446
1701944387244846408,-1.277282392379887e-05,-0.0009157965123337963,3.330620075846932
1701944387246114569,-1.3139734848978015e-05,-0.0009321679769872564,3.3305713587858956
1701944387247409244,-1.3521240242156355e-05,-0.0009488838346735823,3.3305216254579757
1701944387248847790,-1.395497809590507e-05,-0.0009674579517107963,3.3304663905659027
1701944387250242653,-1.4387408406840027e-05,-0.000985483890291158,3.330412833974391
1701944387252063025,-1.4971321252141335e-05,-0.0010090342628577746,3.330342967667567
1701944387253798923,-1.5549741582704522e-05,-0.0010315290808409112,3.3302763636658868
1701944387255022488,-1.5970328805583395e-05,-0.00104740796717037,3.3302294319807952
1701944387256285940,-1.6416446034663075e-05,-0.001063824346711501,3.330180985136646
1701944387257514068,-1.686304356868681e-05,-0.0010798016980639352,3.330133902946186
1701944387259020210,-1.7431237968445374e-05,-0.001099422687937204,3.330076170234817
1701944387260493138,-1.8011560014760114e-05,-0.0011186280114338144,3.3300197452314713
1701944387262085297,-1.8669699264032834e-05,-0.0011394116031547173,3.329958767664123
1701944387263200628,-1.9150937813952554e-05,-0.0011539815331053278,3.3299160677299793
1701944387264488576,-1.9728072757520577e-05,-0.0011708158482838787,3.3298667741881913
1701944387265873893,-2.03742923997655e-05,-0.0011889350738913923,3.3298137640941756
1701944387267214174,-2.1023199911000706e-05,-0.0012064716841222085,3.329762500272511
1701944387268651577,-2.1742933759605993e-05,-0.001225291907637702,3.329707528083376
1701944387270321606,-2.2606791183527436e-05,-0.0012471726663071906,3.3296436733284103
1701944387271584586,-2.3278040419414323e-05,-0.0012637277380389204,3.329595401104407
1701944387273440997,-2.4290598685825825e-05,-0.001288077791677037,3.3295244615495037
1701944387274694942,-2.4991010034705785e-05,-0.0013045305631327342,3.3294765701677225
1701944387275923333,-2.5689599348756474e-05,-0.0013206544540772785,3.3294296684302305
1701944387276816294,-2.6205190573036302e-05,-0.001332382014797001,3.329395575799995
1701944387278312273,3.1958833264522386e-12,0.0006818756907426688,7.999996640360645
1701944387279610032,-3.250424079469994e-08,0.0007005343947870807,8.12610634145014
1701944387280984722,-7.237647437101349e-08,0.00070970241311992,8.188165640124673
1701944387282683912,-1.429657238382782e-07,0.0007210228942447052,8.264873358439905
1701944387284463572,-2.4103742887692043e-07,0.0007328688300698888,8.345218973106403
1701944387286034946,-3.475985519540509e-07,0.0007433189882932862,8.416157753464656
1701944387287777038,-4.883101673595519e-07,0.0007548911208015805,8.49479207035577
1701944387289034743,-6.060117440679577e-07,0.0007632380991430406,8.5515775496923
1701944387290550489,-7.693617093189349e-07,0.0007732820231074272,8.619997823058737
1701944387291789344,-9.239469110042421e-07,0.0007814810311492668,8.67592228881757
1701944387293886360,-1.2400565626813135e-06,0.0007953454253222285,8.770593532839364
1701944387295496651,-1.5346375444536496e-06,0.0008059844614115534,8.84328678740681
1701944387296974747,-1.8472495655413879e-06,0.0008157508907451787,8.91000660610143
1701944387298488729,-2.208020974722429e-06,0.0008257616555092352,8.978351660587697
1701944387299736294,-2.5331714622809034e-06,0.0008340172184170086,9.034674458418909
1701944387301161100,-2.9305406041071607e-06,0.0008434487305624595,9.098994180452996
1701944387302383820,-3.290805736605427e-06,0.00085154305949437,9.154197644117303
1701944387304026018,-3.799230584590527e-06,0.0008624062526120901,9.228333243495461
1701944387305362745,-4.232786938849942e-06,0.0008712392067312888,9.28867067002191
1701944387306616318,-4.6556707301910725e-06,0.000879517474948546,9.3452625724722
1701944387308014823,-5.1479736768678525e-06,0.0008887492258442185,9.408398390111593
1701944387309544087,-5.7151627294266265e-06,0.0008988444854616814,9.477432347910975
1701944387310854477,-6.228810908252126e-06,0.0009074999780184189,9.536585872758893
1701944387312305720,-6.8308709517872725e-06,0.0009170955849152788,9.60210035494552
1701944387314387425,-7.757885127355068e-06,0.0009308805865642143,9.69607228711491
1701944387316222785,-8.636301086347338e-06,0.000943057205602687,9.778926054684808
1701944387317736357,-9.401231914628196e-06,0.0009531164741272875,9.847260527147132
1701944387319488052,-1.0327418309857283e-05,0.0009647756003466212,9.926336531558677
1701944387320593654,-1.0932774236877712e-05,0.0009721441454772863,9.97624473188626
1701944387322121330,-1.1793931763705817e-05,0.0009823382380924645,10.045214290227669
1701944387323518638,-1.2606569053856302e-05,0.000991672044935219,10.108296487432895
1701944387324832647,-1.3393386262363183e-05,0.0010004555971960107,10.167611639210696
1701944387325960335,-1.4086989902946221e-05,0.0010079991095364729,10.218520866842967
1701944387327357713,-1.4969791116150894e-05,0.0010173519091990558,10.281603123490786
1701944387328574991,-1.5758403989741014e-05,0.0010255030930558981,10.3365485278416
1701944387329834972,-1.6591384314232352e-05,0.0010339460670712199,10.393431296946703
1701944387331278816,-1.756257258715722e-05,0.0010436256967810758,10.458612402613278
1701944387332725326,-1.8549629233589883e-05,0.0010533278118554402,10.523911922089951
1701944387333992543,-1.942362735515744e-05,0.0010618313828478626,10.58111763446668
1701944387334976175,-2.010732960430059e-05,0.0010684354955527906,10.625526070531873
1701944387336286758,-2.1025352697117605e-05,0.0010772388068177167,10.684690697043523
1701944387337701703,-2.2026443292998526e-05,0.001086751300451659,10.748569574201802
1701944387338943058,-2.2913789841308198e-05,0.0010951037488804397,10.804602185886122
1701944387340223217,-2.3838750299819505e-05,0.0011037292310420287,10.86239996154927
1701944387341325824,-2.4643340363984102e-05,0.0011111651747880932,10.912168488921653
1701944387342987143,-2.5870043284426537e-05,0.0011223858410501076,10.987165723004326
1701944387344585379,-2.7066185575543174e-05,0.0011331987613526124,11.05932152652345
1701944387346275456,-2.8347580224823318e-05,0.0011446523659548653,11.135621147646704
1701944387347767299,-2.949223847667594e-05,0.0011547806998852053,11.202965887365039
1701944387348962062,-3.041737952188946e-05,0.0011629067657159314,11.256899809645233
1701944387350330488,-3.148405466151308e-05,0.0011722323996812753,11.318680043211433
1701944387352674801,-3.331923939504564e-05,0.0011882471399899234,11.42450292195664
1701944387354237213,-3.454350928761598e-05,0.0011989476445283932,11.495044338921304
1701944387355734513,-3.57136367293568e-05,0.0012092145295246799,11.562636668392315
1701944387356895796,-3.661836223476476e-05,0.001217183063457957,11.615053016381173
1701944387358231019,-3.765670620122568e-05,0.0012263536219656894,11.675337202975546
1701944387359610325,-3.872828597949452e-05,0.0012358319931584996,11.737601809587368
1701944387360738326,-3.9605458387059665e-05,0.0012435885288406376,11.788522103041522
1701944387362062716,-4.063879223998057e-05,0.001252701647754891,11.848311213953561
1701944387363631452,-4.1871091824927286e-05,0.0012635033055045978,11.91913253827338
1701944387365206132,-4.312088527499409e-05,0.001274352792415989,11.990222964885575
1701944387366524435,-4.4179574017993204e-05,0.0012834399573179664,12.04973229200089
1701944387367936336,-1.5840053742407698e-11,-0.00034093718809861105,12.6666655055062
1701944387369424291,-3.410745674855367e-08,-0.00037401679812998947,12.817342299047256
1701944387370880402,-7.695610497689662e-08,-0.00039061514161891427,12.89299662817395
1701944387372316889,-1.3542038059582148e-07,-0.00040698317424246993,12.967635150573873
1701944387373864776,-2.143101752201302e-07,-0.000424615453737898,13.048071339390832
1701944387375624996,-3.209912209812017e-07,-0.0004446556397051822,13.139520603084124
1701944387377283499,-4.3607463059444293e-07,-0.00046353872632911707,13.225704922899924
1701944387378819864,-5.546597341024851e-07,-0.0004810284188688231,13.30553413944317
1701944387380187355,-6.703385044785414e-07,-0.0004965941213591937,13.376580174148366
1701944387381323715,-7.743771148985575e-07,-0.00050953364842922,13.435634492779847
1701944387382747847,-9.154361168347743e-07,-0.0005257501820351569,13.509628940207516
1701944387383875415,-1.035572518728444e-06,-0.0005385935231186983,13.568212537816812
1701944387385753889,-1.2524097242223146e-06,-0.0005600036950183532,13.665818857256637
1701944387387265280,-1.4433163769850442e-06,-0.0005772415366836798,13.744347427649036
1701944387388600352,-1.626948304755235e-06,-0.000592480207336911,13.813721154475303
1701944387390065009,-1.848766103328061e-06,-0.0006092085514994036,13.889821661726113
1701944387391351505,-2.0638329025563615e-06,-0.0006239131892852619,13.956668213006223
1701944387392651469,-2.3013565387584073e-06,-0.000638782828930572,14.024220894382596
1701944387394153291,-2.599878682551357e-06,-0.0006559713773230205,14.102253973246828
1701944387395369928,-2.858955285050229e-06,-0.0006699059210522725,14.165470808085356
1701944387396560502,-3.125071352734431e-06,-0.0006835484672919226,14.227324950056575
1701944387397758749,-3.4028918431833617e-06,-0.0006972889018501174,14.2895879071595
1701944387399171225,-3.739146068698035e-06,-0.0007134923892298564,14.36297544998387
1701944387400688017,-4.106471069715036e-06,-0.0007309008162910503,14.441789021202716
1701944387402057272,-4.440946690141571e-06,-0.0007466193481702532,14.512934320679348
1701944387403284581,-4.74263127709103e-06,-0.0007607112094749479,14.576708663608843
1701944387404898800,-5.144340409097683e-06,-0.0007792479719550768,14.660589033895699
1701944387406852437,-5.643304019796225e-06,-0.0008016853514958331,14.762097803448407
1701944387408483340,-6.074896029427271e-06,-0.0008204212698515868,14.84683298429995
1701944387409818415,-6.440898366528652e-06,-0.0008357659065627436,14.916206819392082
1701944387411151807,-6.818657051097564e-06,-0.0008510959258688049,14.985493936302543
1701944387412478414,-7.2055192076840034e-06,-0.0008663496465562815,15.054421793927823
1701944387413811813,-7.602677438729285e-06,-0.0008816840518567561,15.123708908403263
1701944387415071392,-7.982084919223423e-06,-0.00089616739910197,15.189155688302256
1701944387416218845,-8.328768812067529e-06,-0.0009093565305066056,15.248767638338993
1701944387417489572,-8.712515417348698e-06,-0.0009239603749495879,15.31479667716167
1701944387419049124,-9.18373140218529e-06,-0.000941874892188434,15.39582782527133
1701944387420266075,-9.553542066975233e-06,-0.0009558524164402087,15.459069544468706
1701944387421574469,-9.955782935490903e-06,-0.0009708750071412962,15.527043563783778
1701944387422797208,-1.033768945213133e-05,-0.000984919413435645,15.590582619719978
1701944387423916443,-1.0691947842435617e-05,-0.0009977764222998784,15.648732819149592
1701944387425309872,-1.1136743319618732e-05,-0.0010137930311666904,15.721141846161881
1701944387426737726,-1.1593188453041963e-05,-0.00103021276009183,15.795334788550631
1701944387427598893,-1.1867678356371403e-05,-0.0010401193383809241,15.8400809818799
1701944387428847528,-1.2264815712901825e-05,-0.0010544860093436063,15.904958016937526
1701944387430324138,-1.2736547796680417e-05,-0.0010714778570260531,15.981678192668838
1701944387431650831,-1.3166812369027837e-05,-0.0010867472982317027,16.05061858831969
1701944387432904274,-1.3582847543794537e-05,-0.0011011712774889255,16.11574342771282
1701944387434174769,-1.4016758816250204e-05,-0.0011157924504467769,16.181760229819275
1701944387435684927,-1.4549638229068535e-05,-0.0011331717990435341,16.26022720023407
1701944387437658212,-1.527291959091449e-05,-0.0011558872241853864,16.362764490205706
1701944387439524214,-1.598275625997212e-05,-0.0011773741896865084,16.45971470270371
1701944387440674975,-1.6432372514193745e-05,-0.001190633603415008,16.51951264626766
1701944387442063811,-1.6986915358322732e-05,-0.0012066427995960144,16.59167403963715
1701944387443192778,-1.7448074468963497e-05,-0.0012196632640020164,16.650332276575806
1701944387444448515,-1.797350475708378e-05,-0.0012341533854967805,16.715581056129505
1701944387445707662,-1.8514923583434262e-05,-0.00124868819490107,16.781003280313563
1701944387447366493,-1.925212691941059e-05,-0.001267846317342634,16.86720057499121
1701944387448545665,-1.9792855006021234e-05,-0.0012814687249319647,16.928472763036954
1701944387450100710,-2.05259446769215e-05,-0.001299433741503272,17.009268812162013
1701944387451202152,-2.1057668894382122e-05,-0.0013121589424121248,17.06650245008217
1701944387452442333,-2.1666189151878265e-05,-0.0013264842000010716,17.130946045798165
1701944387453669199,-2.227613484959328e-05,-0.001340651183859057,17.194695907158103
1701944387454980735,-2.293530041727514e-05,-0.0013557911756213272,17.262843600402636
1701944387456231779,-2.3570877739171716e-05,-0.001370228714676005,17.32784469008912
1701944387457481781,-2.4214002124244827e-05,-0.0013846527966275442,17.392796236459276
1701944387458815789,-2.4911404964418196e-05,-0.0014000433273022857,17.462108455556006
1701944387459936307,-2.5507561979287285e-05,-0.0014129707644830695,17.520333207412442
1701944387461431451,-2.6318685994922387e-05,-0.0014302178618044337,17.598019906335274
1701944387462690236,-2.7014957612909426e-05,-0.001444737979526508,17.663429863250588
1701944387464141020,-2.783022465741856e-05,-0.0014614696038890253,17.738812370814948
1701944387465552470,-2.8634003214498167e-05,-0.0014777446235694992,17.812150824856012
1701944387467189276,-2.9576322481505044e-05,-0.0014966136002486099,17.89719618527339
1701944387469527442,-2.399526307224299e-12,0.0006818755549867139,17.000000623062668
1701944387471685211,-3.377599455168377e-08,0.0007271537576750156,17.19233409930752
1701944387473111977,-5.8643591487939726e-08,0.0007415283601884135,17.253368397633793
1701944387474645445,-9.321122541745881e-08,0.0007569817457196268,17.318972116519298
1701944387475838644,-1.2586573707844973e-07,0.0007690080967965168,17.370021036274682
1701944387476833441,-1.570557085428068e-07,0.0007790335323879679,17.41257370643405
1701944387478348230,-2.1263998161592023e-07,0.0007943028155359918,17.477381879565634
1701944387479696408,-2.723880918176442e-07,0.0008078918179640135,17.535060550339544
1701944387480904589,-3.365950158641719e-07,0.0008200662455187648,17.58674187140147
1701944387482263315,-4.2285294283240414e-07,0.0008337561917757817,17.644869343569987
1701944387483814718,-5.392206360176059e-07,0.0008493834042709312,17.71123809988433
1701944387485080709,-6.463503908834538e-07,0.00086213455370058,17.765397953673233
1701944387486242116,-7.517365717510868e-07,0.0008738325958802039,17.81508019342135
1701944387487711433,-8.915796210779414e-07,0.0008886374713098066,17.877940324556302
1701944387488920912,-1.010781185554145e-06,0.0009008278217786175,17.929682901806366
1701944387490209325,-1.141397865539922e-06,0.0009138166618236048,17.984801556751243
1701944387491186340,-1.2432412063526484e-06,0.000923667712091715,18.026599537058264
1701944387492955558,-1.4357448050343674e-06,0.0009415047487618713,18.102280620890475
1701944387494726284,-1.6414661129916145e-06,0.0009593574016035293,18.17803312473606
1701944387496531739,-1.8682035886371202e-06,0.0009775578628752348,18.25527479719867
1701944387498307961,-2.1108322734200875e-06,0.0009954574514537073,18.33126194447602
1701944387499955671,-2.3540833129235447e-06,0.0010120557835081331,18.401751523666476
1701944387502248194,-2.718623326760677e-06,0.001035141041893261,18.499831118053823
1701944387503750751,-2.97095729480902e-06,0.0010502659765111732,18.564109179629902
1701944387505057084,-3.195896131113144e-06,0.00106341528350949,18.619992960303968
1701944387506373275,-3.425449366695453e-06,0.0010766647100175703,18.67629493655529
1701944387507639541,-3.6481701915875533e-06,0.0010894175653660704,18.730475397657383
1701944387508975296,-3.885547687070956e-06,0.0011028692042824666,18.78761376127
1701944387509853077,-4.043977379550573e-06,0.0011117110892459507,18.825168827523314
1701944387511535345,-4.3577769884572885e-06,0.0011286521466774423,18.897137482785514
1701944387512877058,-4.62031008841053e-06,0.0011421570196255533,18.954530864201974
1701944387513878327,-4.824616061411659e-06,0.0011522333531468457,18.997369363706746
1701944387515592613,-5.191075292184923e-06,0.0011694784832896308,19.070704807054316
1701944387516976142,-5.501163476536915e-06,0.001183396494971932,19.12989335511178
1701944387518212864,-5.788057073366606e-06,0.001195840816144102,19.18279893059827
1701944387519601570,-6.120659529630251e-06,0.0012098233160831979,19.242211893690207
1701944387520651418,-6.379553990140733e-06,0.0012203982855133497,19.287120962853653
1701944387522224959,-6.7803507745974215e-06,0.0012362577889030754,19.354438681813594
1701944387523439601,-7.100230496587764e-06,0.0012485056644567212,19.40640593113792
1701944387524844111,-7.480746395666684e-06,0.0012626707128380427,19.466492116617808
1701944387526299223,-7.885417189119247e-06,0.001277350139363357,19.528740640055926
1701944387527913004,-8.343973949527057e-06,0.0012936399041758157,19.597782150207177
1701944387529326108,-8.751907782715492e-06,0.0013079136966059576,19.658235558090457
1701944387531029654,-9.250575654217487e-06,0.0013251367992237215,19.731112174368025
1701944387532927506,-9.816382488812154e-06,0.001344345971058589,19.812301542102265
1701944387534598451,-1.0325463557943308e-05,0.0013612752365426352,19.883780843980038
1701944387536107151,-1.0794860677305139e-05,0.0013765741816398483,19.948324382793
1701944387537474951,-1.122773865477807e-05,0.0013904535823499268,20.006839924291402
1701944387538656424,-1.1606034595854407e-05,0.001402450709504359,20.057389526069237
1701944387539828593,-1.1983914772369726e-05,0.0014143580420619543,20.10753114757021
1701944387541284214,-1.2455564796020657e-05,0.0014291578177665386,20.16981039749898
1701944387542698668,-1.2916098238723412e-05,0.0014435460459140367,20.23031491530235
1701944387543900831,-1.3310672706440533e-05,0.0014557825946242102,20.28174172561727
1701944387545116013,-1.3715532961219416e-05,0.0014681582738612102,20.33372952815768
1701944387546392136,-1.4151599671041228e-05,0.0014811609848341422,20.388328460433087
1701944387547651497,-1.4597186545894947e-05,0.0014939964611370624,20.442203223984386
1701944387549031625,-1.510713389513094e-05,0.001508069984934149,20.501249239453845
1701944387550208984,-1.5561648419678064e-05,0.001520079749947911,20.551615323507495
1701944387551588929,-1.6117099748155328e-05,0.0015341628033993416,20.61065115273997
1701944387552744833,-1.6599432742061865e-05,0.0015459634460070544,20.660099274426614
1701944387554199616,-1.722422700049724e-05,0.001560821723608349,20.722337820935255
1701944387555753555,-1.790785554133665e-05,0.0015766956281772322,20.788809252384542
1701944387557023790,-1.8475398996787885e-05,0.0015896764459539016,20.84315325353089
1701944387558543866,-1.9160415800915386e-05,0.0016052134615579163,20.908186555783903
1701944387560270756,-1.9943060908746473e-05,0.0016228668786325542,20.982063023831248
1701944387562311141,-2.0871997935263475e-05,0.0016437312331915096,21.069352140539987
1701944387563904318,-2.160028424301002e-05,0.001660027648204026,21.13750662919457
1701944387565333541,-2.2256176588358243e-05,0.001674654279443406,21.198653934058687
1701944387566632136,-2.285421771824868e-05,0.0016879466655593167,21.254201608228787
1701944387567952415,-2.3464620754568e-05,0.0017014677997843973,21.310687667108112
1701944387569778832,-2.4313403888480792e-05,0.0017201752128995808,21.388827746213483
1701944387571139154,-2.494963779134255e-05,0.001734105570697593,21.447017172013044
1701944387572495166,-2.5588786263506495e-05,0.0017479912081280813,21.505033205299892
1701944387573623426,-2.612506346695166e-05,0.0017595396138395877,21.553298304487058
1701944387574887931,-2.300054013893403e-12,1.2373238022275052e-09,17.000003190397134
1701944387576218536,-1.4393452995776483e-08,-1.680217067856153e-05,17.000004699708363
1701944387577779902,-3.7703141733741734e-08,-2.6919146855488498e-05,17.00000562190782
1701944387579067621,-6.631239449067673e-08,-3.526500837440146e-05,17.000006392236827
1701944387580411662,-1.0566832406589312e-07,-4.39761391788173e-05,17.000007205609833
1701944387581626218,-1.493721385571716e-07,-5.1848245493129774e-05,17.00000794783121
1701944387582943275,-2.0465361587207247e-07,-6.038601463948901e-05,17.000008759118455
1701944387584412859,-2.7431203176405006e-07,-6.991680456909555e-05,17.00000967185726
1701944387585755924,-3.433096526897322e-07,-7.863211874897692e-05,17.00001051367384
1701944387586975600,-4.0844670149727693e-07,-8.65530455684502e-05,17.000011285773194
1701944387588361824,-4.831419736525847e-07,-9.556087005278973e-05,17.000012172781858
1701944387589547263,-5.463560819888216e-07,-0.00010326879288229917,17.000012939269965
1701944387591219053,-6.335251249278401e-07,-0.00011414547944283904,17.000014031698207
1701944387592916943,-7.210131086163136e-07,-0.00012519968081833093,17.00001515463466
1701944387594742493,-8.184560835039122e-07,-0.00013709200022667847,17.00001637812623
1701944387596280352,-9.080351826868755e-07,-0.00014711706521302367,17.000017423669505
1701944387597798174,-1.0077639292298255e-06,-0.00015702136746263343,17.000018471024443
1701944387599005868,-1.0970954699288475e-06,-0.00016491340514469612,17.000019316324078
1701944387600419132,-1.2133731522513982e-06,-0.00017416300870677027,17.000020318766403
1701944387602076357,-1.3646553386126323e-06,-0.0001850364614243611,17.00002151203972
1701944387603724218,-1.5293718543046965e-06,-0.00019587560705593534,17.000022716058716
1701944387605129316,-1.6804442176652159e-06,-0.00020513346911221948,17.00002375529065
1701944387606326637,-1.8173992797694274e-06,-0.00021303030124697258,17.000024649800167
1701944387607663938,-1.9808120250319205e-06,-0.00022185313024814652,17.00002565854967
1701944387608897301,-2.1425940514701157e-06,-0.00022999055340158618,17.00002659792367
1701944387609858376,-2.276279237657041e-06,-0.00023633143781348907,17.00002733568792
1701944387611502280,-2.5184121545712553e-06,-0.0002471787651044458,17.000028608185925
1701944387612880013,-2.732196698694927e-06,-0.00025627329631600743,17.000029684265414
1701944387614294557,-2.9595788769622367e-06,-0.00026561458081205596,17.000030797594285
1701944387615954414,-3.2348345013691798e-06,-0.000276581862211564,17.000032115225927
1701944387617300625,-3.4641027703633755e-06,-0.0002854792311932197,17.000033193306606
1701944387618687357,-3.7055443821844463e-06,-0.00029464619995765224,17.00003431416945
1701944387619764183,-3.896478858300294e-06,-0.00030176134065724146,17.000035192289413
1701944387621625064,-4.233961894498838e-06,-0.00031405375443236473,17.000036727729988
1701944387623666662,-4.616828054845279e-06,-0.0003275380457726478,17.000038438036068
1701944387625470886,-4.968171380106075e-06,-0.0003394556198020655,17.000039969917708
1701944387626944138,-5.26551171364092e-06,-0.0003491945646598864,17.00004123413935
1701944387628259467,-5.539696062082997e-06,-0.000357898983940177,17.000042373170874
1701944387629478205,-5.8016766684909305e-06,-0.00036597299217261615,17.0000434382157
1701944387630899876,-6.118004562245573e-06,-0.0003754008274456532,17.000044693682398
1701944387632473026,-6.483197018358683e-06,-0.00038584251521216596,17.000046099960816
1701944387633818535,-6.809312436016328e-06,-0.00039478020395588317,17.000047316785565
1701944387635148279,-7.143953077236318e-06,-0.00040361395332910027,17.00004853077432
1701944387636501358,-7.495642347793311e-06,-0.00041260153139261087,17.000049776858827
1701944387637797389,-7.840851129010224e-06,-0.0004212059495129923,17.00005097992697
1701944387639164661,-8.211295986224486e-06,-0.0004302762305300865,17.000052259130804
1701944387640434029,-8.559330616482783e-06,-0.00043868921278592134,17.0000534564313
1701944387641518932,-8.859565538791354e-06,-0.00044587412158394573,17.000054487811575
1701944387642879673,-9.240706066568005e-06,-0.0004548819593696916,17.00005579282401
1701944387644281452,-9.640302196073454e-06,-0.0004641529854884204,17.000057149265043
1701944387645440036,-9.977830724485354e-06,-0.000471811112978778,17.000058278651693
1701944387646848728,-1.0399716508143956e-05,-0.0004811112714962213,17.000059658654546
1701944387648407603,-1.088411441208523e-05,-0.0004913906876411496,17.00006119250014
1701944387649589278,-1.1264305834585473e-05,-0.0004991716445425165,17.000062358709258
1701944387650757670,-1.1650937971262687e-05,-0.0005068579681111339,17.000063514865115
1701944387651988711,-1.20686283077607e-05,-0.0005149543099470961,17.00006473715105
1701944387654677016,-1.3010616704798954e-05,-0.0005326281414097982,17.00006742341531
1701944387656606118,-1.370975798800481e-05,-0.0005453113604799883,17.000069369400062
1701944387658085545,-1.425829841990595e-05,-0.0005550347426683119,17.00007087472213
1701944387659509342,-1.4796729154984918e-05,-0.0005643880057878599,17.0000723361963
1701944387660877440,-1.5323938561043075e-05,-0.0005733672741797771,17.00007375293742
1701944387662180183,-1.583455397653142e-05,-0.0005819091579476715,17.000075113719387
1701944387663505762,2.0467945643486835e-12,-0.0017045726905564836,17.000000000048736
1701944387665044108,-1.640484166448963e-08,-0.0017596372278596627,17.000000028561214
1701944387666559882,-3.768116226507953e-08,-0.0017887656156257538,17.00000006704669
1701944387668121682,-6.748480361766448e-08,-0.0018187618366860936,17.00000012444795
1701944387669232219,-9.332490518118402e-08,-0.0018400866404211565,17.000000176374414
1701944387670688493,-1.327891591802385e-07,-0.001868041513567861,17.000000257618876
1701944387672064748,-1.7538058943004233e-07,-0.0018944550554802267,17.00000034648686
1701944387672908764,-2.037650585159844e-07,-0.0019106483173492264,17.000000405878644
1701944387674387717,-2.5766748854463694e-07,-0.0019390188190363256,17.000000517315748
1701944387675931075,-3.2075079796111096e-07,-0.0019686212212479477,17.000000643731607
1701944387677248759,-3.818154812055743e-07,-0.001993897405770673,17.00000076140942
1701944387678242455,-4.3332436426399457e-07,-0.002012959654499012,17.00000085778552
1701944387679762176,-5.224333794282479e-07,-0.0020421132733331256,17.00000102178923
1701944387680884914,-5.965133263614721e-07,-0.002063652833863682,17.000001157760877
1701944387682357053,-7.046772418885878e-07,-0.0020918983092049837,17.000001357772398
1701944387683959522,-8.378833719121913e-07,-0.0021226390208011507,17.00000160488981
1701944387685767408,-1.0100072142788678e-06,-0.0021573149376054165,17.000001919724415
1701944387687487534,-1.1971068909860143e-06,-0.0021902961067869946,17.000002251144426
1701944387688873636,-1.3643483845279545e-06,-0.002216857685030899,17.00000253669935
1701944387690105790,-1.523596754432194e-06,-0.0022404638477603656,17.0000028007323
1701944387691469623,-1.707311420649523e-06,-0.0022665889330081117,17.000003100283827
1701944387693093171,-1.929133364867133e-06,-0.002297676303926115,17.00000346252335
1701944387694927846,-2.1766456625855444e-06,-0.002332808559248629,17.000003875561536
1701944387696203755,-2.3452139406832652e-06,-0.002357233182793423,17.000004164021252
1701944387697565703,-2.52431315090691e-06,-0.002383306158596081,17.000004473856407
1701944387698980545,-2.7145644940522157e-06,-0.0024103804193483414,17.000004799986648
1701944387700377484,-2.912220136934049e-06,-0.002437102050032274,17.00000512930301
1701944387701650093,-3.104346887398638e-06,-0.002461436723337122,17.000005438200457
1701944387702996069,-3.321574422344675e-06,-0.002487159655056248,17.000005776050408
1701944387704198125,-3.5271928368832493e-06,-0.0025101265806806326,17.000006088005804
1701944387705746037,-3.8052357188159957e-06,-0.0025396914036000784,17.00000650276359
1701944387707068678,-4.0525138522239085e-06,-0.0025649547288210876,17.00000686747494
1701944387708340471,-4.297165580134889e-06,-0.0025892445445359485,17.000007225848115
1701944387709614896,-4.5486869272883316e-06,-0.0026135914533593654,17.000007592204533
1701944387711052482,-4.840340810834049e-06,-0.002641051607343559,17.000008014342782
1701944387712321322,-5.1057607960598005e-06,-0.002665292695963715,17.000008395620302
1701944387713617994,-5.386187184757681e-06,-0.0026900662594899305,17.000008794724618
1701944387715203422,-5.744008417526229e-06,-0.0027203541612076574,17.0000092973729
1701944387716840794,-6.133195205419624e-06,-0.002751629013887427,17.00000983510449
1701944387718521870,-6.555505416392107e-06,-0.0027837414112272503,17.000010408237706
1701944387720403468,-7.055626312550147e-06,-0.0028196843515185767,17.000011074903707
1701944387721552629,-7.374295929195294e-06,-0.0028416367053205067,17.000011494404
1701944387722895355,-7.756751119505069e-06,-0.0028672880906712946,17.000011994701993
1701944387724161615,-8.125206364827347e-06,-0.0028914795094388867,17.00001247492144
1701944387725403818,-8.49280749999441e-06,-0.0029152148632321747,17.000012952600446
1701944387726296720,-8.760945550983471e-06,-0.0029322797086588507,17.000013299431373
1701944387727962688,-9.272072856359978e-06,-0.0029641321990683403,17.000013953228372
1701944387729282494,-9.687576243569509e-06,-0.002989371169224317,17.000014476632924
1701944387730754334,-1.0161096782847993e-05,-0.003017532372912885,17.000015065513153
1701944387732086166,-1.0596215434871174e-05,-0.0030430173796169094,17.000015602659943
1701944387733632441,-1.1105733686499968e-05,-0.0030726085002108798,17.000016232064343
1701944387735059896,-1.1578551646662164e-05,-0.0030999352580316102,17.00001682031866
1701944387736540985,-1.2071462802831662e-05,-0.0031282882568518557,17.00001744054144
1701944387738108559,-1.2597690460743372e-05,-0.0031583042521308143,17.000018111740644
1701944387739340348,-1.3015986453827335e-05,-0.003181893464713229,17.000018651948828
1701944387740842064,-1.3533436241444363e-05,-0.0032106629849108625,17.000019327659285
1701944387742251742,-1.4027094523560613e-05,-0.003237670528550651,17.000019978711194
1701944387743647625,-1.4523754418487618e-05,-0.003264421447439989,17.00002063819313
1701944387745172281,-1.5075027513740788e-05,-0.0032936428408532896,17.000021373171048
1701944387747337607,-1.5873675601021527e-05,-0.0033351480423664433,17.00002244025592
1701944387748968771,-1.648733231621074e-05,-0.003366421389256373,17.000023261213876
1701944387750077508,-1.6909867575155316e-05,-0.003387678596674674,17.00002382739781
1701944387751662852,-1.7520549545922005e-05,-0.00341808442632358,17.000024648829726
1701944387753596217,-1.8273972623090655e-05,-0.003455172835412606,17.000025669040877
1701944387755011945,-1.8831541075743095e-05,-0.0034823414634780727,17.00002642881434
1701944387756310877,-1.934805815945977e-05,-0.0035072771250079654,17.00002713534297
1701944387757750375,-1.9927375624915538e-05,-0.0035349205677183636,17.00002792962053
1701944387759062133,-2.0462850828895427e-05,-0.0035601262982525458,17.000028665183162
1701944387760263687,-2.0959801918080965e-05,-0.003583225908017152,17.00002934980668
1701944387761710233,-2.1564651345927954e-05,-0.00361104497773356,17.00003018782789
1701944387763162426,-1.4903554532521603e-12,-0.0017045750309408999,17.00000000000236
1701944387764410269,-6.361410410692722e-09,-0.0017045947447608116,17.000000021459865
1701944387765765656,-1.3907015665038067e-08,-0.001704617690138172,17.000000046839286
1701944387767203855,-2.499196359465229e-08,-0.0017046481352882422,17.00000008042658
1701944387768856816,-4.3846928758838116e-08,-0.0017046868021243055,17.000000123693127
1701944387769974406,-6.182320399978975e-08,-0.0017047132534977738,17.000000154659585
1701944387771436939,-9.349249014342963e-08,-0.001704745951916859,17.000000197653492
1701944387772826730,-1.32514928936706e-07,-0.0017047740506819509,17.00000024322916
1701944387774398053,-1.8686386366054007e-07,-0.0017048023156620827,17.000000304219164
1701944387776119213,-2.5880670528544734e-07,-0.001704830445587097,17.000000386667008
1701944387778046708,-3.559149651531598e-07,-0.00170486131589787,17.000000502096636
1701944387779930913,-4.703453840699216e-07,-0.0017048935485548724,17.00000064098441
1701944387781318212,-5.691222517834798e-07,-0.0017049196326550074,17.00000076070858
1701944387782730185,-6.842171489728689e-07,-0.0017049484223313597,17.000000898116582
1701944387784347154,-8.345625178411053e-07,-0.001704983150550797,17.000001074220886
1701944387786017084,-1.009191153430878e-06,-0.001705018582406738,17.000001275932494
1701944387787698456,-1.2025083466593018e-06,-0.0017050506929437482,17.00000149818232
1701944387789064445,-1.3711036344489348e-06,-0.0017050725402593726,17.000001692365586
1701944387790678012,-1.5827041645326357e-06,-0.001705092944633079,17.00000193659083
1701944387791902642,-1.7525022016025212e-06,-0.0017051048557948333,17.000002131467237
1701944387793219559,-1.9453650506713207e-06,-0.0017051145989285222,17.000002347946346
1701944387794534736,-2.15059159744831e-06,-0.0017051209959560608,17.000002568569858
1701944387795820635,-2.3656379580399487e-06,-0.0017051233919481172,17.000002786169826
1701944387797114113,-2.5978499968667705e-06,-0.0017051211717045206,17.000003005169773
1701944387798403167,-2.8456545896508297e-06,-0.001705113941616159,17.00000322315488
1701944387799618617,-3.093374755349749e-06,-0.0017051027156293234,17.000003429263323
1701944387800970195,-3.3823695602981002e-06,-0.0017050857577724419,17.000003661308217
1701944387802649492,-3.757294184904087e-06,-0.001705058582805332,17.00000395815413
1701944387803989147,-4.066748822418379e-06,-0.0017050319232370813,17.000004204831782
1701944387805308350,-4.379241934230458e-06,-0.0017050007815038895,17.000004459502286
1701944387806494031,-4.665963571434099e-06,-0.001704968000396484,17.000004700471003
1701944387808366033,-5.127585615491251e-06,-0.0017049055642038066,17.000005106867334
1701944387810154317,-5.576195107548827e-06,-0.0017048332626367283,17.000005524676567
1701944387811849546,-6.006333143585186e-06,-0.00170475469414482,17.00000594547932
1701944387813432349,-6.411416423544185e-06,-0.001704676217034929,17.000006356918426
1701944387814368131,-6.652774721732828e-06,-0.0017046296739937654,17.000006607237395
1701944387816203057,-7.132557036244167e-06,-0.0017045446567456645,17.000007110308843
1701944387817606333,-7.506839575196289e-06,-0.0017044871071610465,17.00000750572243
1701944387818945323,-7.871236018030757e-06,-0.0017044383846370479,17.00000789266806
1701944387820488580,-8.300999675930855e-06,-0.0017043876766775104,17.0000083530265
1701944387821977756,-8.725828120517457e-06,-0.0017043410157535316,17.000008814467638
1701944387823476295,-9.162907741664557e-06,-0.0017042918997479657,17.000009297758854
1701944387824818782,-9.561552833753199e-06,-0.0017042423902632253,17.000009747134975
1701944387826197309,-9.975539008783857e-06,-0.001704183727993491,17.0000102232831
1701944387827517735,-1.0373518838901149e-05,-0.0017041202649142493,17.00001069086779
1701944387829075353,-1.08404937331761e-05,-0.0017040393805200335,17.000011252809255
1701944387830356112,-1.1219717484231008e-05,-0.0017039710036429788,17.00001172048535
1701944387831839297,-1.1650379212173678e-05,-0.001703893075528064,17.000012265635267
1701944387833313103,-1.2066575139038468e-05,-0.0017038184271327874,17.0000128097321
1701944387834738307,-1.245589839630191e-05,-0.0017037486313077666,17.000013337940658
1701944387836022389,-1.2794790050428441e-05,-0.0017036866719394442,17.00001381576697
1701944387837682907,-1.3217450364358644e-05,-0.001703605799043263,17.000014437292855
1701944387839696970,-1.3711103307141683e-05,-0.0017035045937446452,17.000015197790777
1701944387841527481,-1.4148027450156247e-05,-0.0017034087085302937,17.00001589606372
1701944387842879325,-1.4467962721507905e-05,-0.0017033352008605747,17.00001641605719
1701944387844118164,-1.476240820354293e-05,-0.0017032655221389367,17.00001689588446
1701944387845646201,-1.512958232316088e-05,-0.001703175959244964,17.00001749292197
1701944387847192365,-1.5505174901475442e-05,-0.0017030807195547906,17.000018104656224
1701944387848761096,-1.588739111206965e-05,-0.0017029791423067678,17.000018735570634
1701944387850242389,-1.624524907356397e-05,-0.0017028792506486173,17.00001934285238
1701944387851892957,-1.6635802106125022e-05,-0.0017027651468910741,17.000020035248852
1701944387853420959,-1.6987046698530356e-05,-0.0017026587394532975,17.000020693186684
1701944387854897245,-1.7316319869672103e-05,-0.0017025567532027467,17.00002134619512
1701944387856028718,-1.7562496797543976e-05,-0.0017024798290390932,17.000021859105594
1701944387857431222,-1.786139223116549e-05,-0.001702386639452775,17.000022510608108
1701944387858938246,-1.8176266341130998e-05,-0.0017022890102143782,17.0000232311112
1701944387860297320,-1.84559106316407e-05,-0.0017022019516682973,17.00002389954101
1701944387861680160,-1.312538271835582e-11,-0.0010228162363500942,17.000000000000078
1701944387862961241,2.2308399846968333e-09,-0.0010043753543436743,17.00000003417123
1701944387864448202,4.077046273220429e-09,-0.0009940764576299311,17.000000082262186
1701944387865640132,3.829676578673337e-09,-0.0009858178036640855,17.000000134519638
1701944387867091030,-5.960147442270062e-10,-0.000975761368883572,17.00000021258777
1701944387868765245,-1.3107644239412512e-08,-0.0009641536092724576,17.00000032003879
1701944387870773729,-3.962786324863557e-08,-0.0009502357660872805,17.000000470322185
1701944387872616821,-7.397943067026178e-08,-0.0009374756096540588,17.000000626526287
1701944387874191224,-1.0817067203672744e-07,-0.0009265853629564807,17.000000772991754
1701944387875567609,-1.3811578627827995e-07,-0.0009170738447769782,17.000000911458702
1701944387877035377,-1.6545798625959408e-07,-0.000906937374151522,17.00000107217243
1701944387878488015,-1.8411333914754278e-07,-0.0008969068826803539,17.000001247871694
1701944387879893599,-1.9235115786294717e-07,-0.000887200468999289,17.00000143693531
1701944387881000407,-1.9207815792103932e-07,-0.000879552213722189,17.00000160065148
1701944387882494438,-1.8383948311076932e-07,-0.0008692245106528774,17.00000184313507
1701944387883940781,-1.6939361769209212e-07,-0.0008592207583413455,17.000002100649812
1701944387885502460,-1.5034756212494288e-07,-0.0008484134523442992,17.000002401520398
1701944387886864829,-1.3492230077434225e-07,-0.0008389863464595574,17.000002680479852
1701944387888132636,-1.2621921047210492e-07,-0.0008302160074787142,17.000002950725765
1701944387889497945,-1.2830823793495663e-07,-0.0008207735487213999,17.000003249488593
1701944387890808416,-1.455622413389834e-07,-0.0008117174775851766,17.000003540695733
1701944387892387083,-1.8963187860844157e-07,-0.0008008139498139053,17.000003895187724
1701944387894179802,-2.717396624831929e-07,-0.0007884432415061336,17.00000430286437
1701944387895926353,-3.836913100760431e-07,-0.0007764003810837278,17.00000470778068
1701944387897341323,-4.959651719281256e-07,-0.0007666483960199995,17.000005043734415
1701944387898760383,-6.253498067152804e-07,-0.0007568733729526794,17.000005389628758
1701944387900189803,-7.689307629918229e-07,-0.0007470307601342807,17.000005748289414
1701944387901920178,-9.538280700587759e-07,-0.0007351228003035724,17.000006196654674
1701944387903729720,-1.1530575562347349e-06,-0.0007226707959659198,17.00000668192265
1701944387905202858,-1.3157509711677698e-06,-0.0007125330351996943,17.00000708813816
1701944387906529765,-1.4615212209920687e-06,-0.0007034006309816518,17.00000746071213
1701944387907707013,-1.5912288296404162e-06,-0.0006952950837397969,17.00000779481182
1701944387908956147,-1.7315437491955217e-06,-0.000686693762926082,17.00000815117053
1701944387910182156,-1.8743317729897411e-06,-0.0006782494864024356,17.00000850212932
1701944387911588628,-2.0463957063393835e-06,-0.000668565121607,17.000008906241547
1701944387912641839,-2.1815764775940806e-06,-0.0006613157212713606,17.000009210401025
1701944387913823012,-2.3395310880251043e-06,-0.0006531865278980912,17.000009553870186
1701944387915693275,-2.6012652717272924e-06,-0.0006403257738693879,17.000010103869283
1701944387917157516,-2.8139168532278666e-06,-0.0006302638512808289,17.000010540728365
1701944387918309461,-2.9838597459898693e-06,-0.0006223496186654805,17.00001088878592
1701944387919647899,-3.181860908472708e-06,-0.0006131548566407572,17.00001129775948
1701944387920713898,-3.3391973023686727e-06,-0.0006058298047690091,17.000011626533723
1701944387922242140,-3.5642677870341935e-06,-0.0005953195085249931,17.000012102075054
1701944387923719789,-3.7825322817500382e-06,-0.0005851447772642201,17.000012567399427
1701944387925020988,-3.977028043359682e-06,-0.0005761764884326048,17.000012983682055
1701944387926426292,-4.192081522084824e-06,-0.0005664794977138794,17.000013443904155
1701944387927804938,-4.410098029806154e-06,-0.0005569612814025902,17.000013909077694
1701944387929053227,-4.614882677170454e-06,-0.0005483369133772338,17.000014343266134
1701944387930799575,-4.914808958592661e-06,-0.0005362668925659546,17.000014969048124
1701944387932426180,-5.210010959677016e-06,-0.0005250175895703911,17.000015566849502
1701944387934112639,-5.5345504756211915e-06,-0.0005133542691448078,17.00001619562381
1701944387936086857,-5.941897788279341e-06,-0.0004997013656214613,17.00001693746532
1701944387937654333,-6.287963144681433e-06,-0.000488867122168852,17.00001752893112
1701944387939198404,-6.648611332831931e-06,-0.0004781971472936498,17.000018114718422
1701944387940582084,-6.986470211541739e-06,-0.00046864003219791094,17.000018644529813
1701944387941946950,-7.329900597492762e-06,-0.0004592117129156346,17.000019174894945
1701944387943118496,-7.629568490214165e-06,-0.0004511179392003245,17.000019638186437
1701944387948974282,-9.151108830764829e-06,-0.000410636842354288,17.000022081365426
1701944387950721411,-9.611422461113482e-06,-0.0003985498413867547,17.000022850758537
1701944387952056379,-9.965853561701498e-06,-0.0003893116842283246,17.000023449142454
1701944387953528739,-1.03618157107955e-05,-0.00037911987626330684,17.000024117076897
1701944387954921639,-1.0743745133055949e-05,-0.00036947298912075804,17.000024754744057
1701944387956167371,-1.1092967312681205e-05,-0.00036084446783039744,17.000025328214743
1701944387957359309,-1.143466375616105e-05,-0.00035258819481800177,17.00002587889651
1701944387958860169,-1.1874967093906327e-05,-0.00034219118520311276,17.000026574719055
1701944387960209038,-1.2278706603731652e-05,-0.0003328463729180206,17.000027202793202
1701944387961629334,-1.2709778468727062e-05,-0.00032300732600304253,17.000027867888313
1701944387963320135,-1.3229117232237113e-05,-0.0003112927291730281,17.00002866618076
1701944387965231069,-1.382464651082317e-05,-0.0002980432645980548,17.00002957806091
1701944387966865651,-1.4343321891055875e-05,-0.0002867043512366679,17.000030365731384
1701944387968512031,-1.4878522606971972e-05,-0.0002752706138121524,17.00003116643355
1701944387970358560,-1.5498475234766554e-05,-0.0002624329978258814,17.00003207399394
1701944387971964772,4.742994429011212e-12,0.0006818764675845638,17.000000000006732
1701944387973148037,-2.68714652754301e-08,0.0007250130284698381,17.000000016940497
1701944387974874523,-6.889072514076126e-08,0.000751727825625069,17.000000046276856
1701944387976091696,-1.0758229173925159e-07,0.0007705687620081675,17.00000007782463
1701944387977412341,-1.5400182895683202e-07,0.0007910153519395574,17.00000012384206
1701944387978644399,-1.9793625221322947e-07,0.0008100944425802165,17.000000178560526
1701944387979892497,-2.400481176140142e-07,0.0008294218741832988,17.00000024575382
1701944387981405103,-2.8599934544845143e-07,0.0008528449229453231,17.000000342655824
1701944387982839117,-3.254754151691416e-07,0.0008750554838257692,17.00000044973106
1701944387984086368,-3.594079143526097e-07,0.0008943744348172828,17.000000554897913
1701944387985591516,-4.0500823893441155e-07,0.0009176960939125002,17.00000069802817
1701944387986826624,-4.490860875539655e-07,0.0009368425760739116,17.000000830645483
1701944387988113152,-5.029182967573912e-07,0.0009567899968509014,17.000000986222762
1701944387989516119,-5.709671971460594e-07,0.0009785472416348425,17.000001179067592
1701944387990775420,-6.400890509733682e-07,0.0009980817110122533,17.000001373605286
1701944387992396384,-7.399390595092735e-07,0.0010232281055793057,17.00000165119451
1701944387994177329,-8.632176770363465e-07,0.0010508557028839256,17.000001984559898
1701944387995900660,-9.950320891876265e-07,0.0010775858779603661,17.000002326932506
1701944387997258291,-1.1067558880017273e-06,0.0010986406956097305,17.000002604849712
1701944387998564499,-1.2203221795039097e-06,0.0011188984128018772,17.000002875092058
1701944388000145451,-1.3657346698454638e-06,0.001143413590850445,17.0000032027894
1701944388001599231,-1.507813721900957e-06,0.0011659580249046067,17.000003504278524
1701944388003200122,-1.674789031119195e-06,0.0011907823692227353,17.000003838169565
1701944388004911179,-1.8665392469104064e-06,0.0012173245872450856,17.000004201067554
1701944388006461171,-2.05186528416237e-06,0.0012413735510200781,17.000004538775535
1701944388007842725,-2.225072145521803e-06,0.0012628157089446899,17.000004849858065
1701944388009255900,-2.4077081834108694e-06,0.0012847487834905238,17.000005180306538
1701944388010702917,-2.5978273457502335e-06,0.0013072067717592177,17.000005533836372
1701944388011852080,-2.749792861108188e-06,0.0013250403385493524,17.00000582710783
1701944388013186509,-2.927292153694302e-06,0.0013457437212550272,17.000006183453724
1701944388014483915,-3.1026342544716175e-06,0.0013658678547354805,17.000006547189106
1701944388015719252,-3.2749276362788675e-06,0.0013850220396191052,17.000006908887435
1701944388017060056,-3.47163894679159e-06,0.0014058105123185775,17.000007316297065
1701944388018351466,-3.673462508648758e-06,0.0014258323464227838,17.000007720270826
1701944388019618935,-3.884498282727386e-06,0.0014454812240847882,17.000008124853068
1701944388021056380,-4.138353654512433e-06,0.0014677677185015118,17.000008590742762
1701944388022486936,-4.403281306527423e-06,0.0014899509147477945,17.00000905999632
1701944388023977484,-4.687891067063867e-06,0.0015130716215044156,17.000009553595472
1701944388025616565,-5.005486006955455e-06,0.0015385048305012346,17.000010101091956
1701944388027387352,-5.348734341400179e-06,0.0015659906362056164,17.000010697980848
1701944388028807221,-5.621942617028105e-06,0.0015880353911127184,17.000011180882243
1701944388030213805,-5.891089569311503e-06,0.0016098792124330113,17.000011663680347
1701944388031525408,-6.1427324293541405e-06,0.001630244906960842,17.000012118617633
1701944388033166030,-6.462861000673685e-06,0.001655713911517488,17.000012695772522
1701944388034811719,-6.793788200234092e-06,0.0016812555961629105,17.000013284910164
1701944388036940853,-7.239625929095229e-06,0.0017142859344895043,17.00001406277733
1701944388038593644,-7.59928260484593e-06,0.001739921549441173,17.000014678940598
1701944388039864539,-7.882640941303975e-06,0.0017596378963094293,17.00001516024922
1701944388041310520,-8.209829162066464e-06,0.001782075164261524,17.000015715981394
1701944388042497998,-8.4806010038716e-06,0.0018005095434894265,17.000016179089005
1701944388044194108,-8.867263371901316e-06,0.0018268518313297782,17.000016851224192
1701944388045873768,-9.24809058801798e-06,0.0018529544749675932,17.000017528936766
1701944388047220381,-9.551804288270174e-06,0.0018738908057566019,17.00001808023706
1701944388048538281,-9.849409531723043e-06,0.001894384320878069,17.00001862571295
1701944388049788760,-1.0135003223993867e-05,0.0019138350829283463,17.00001914849868
1701944388051206557,-1.0466299311372678e-05,0.0019358910603999892,17.000019748042853
1701944388052437725,-1.0762583767704344e-05,0.0019550452298555464,17.000020275884054
1701944388053740579,-1.1086058798106861e-05,0.0019753164688759888,17.000020843689096
1701944388055047207,-1.1420985721150174e-05,0.0019956576925720193,17.000021424550194
1701944388057019157,-1.194438498678161e-05,0.0020263695266368544,17.00002232477127
1701944388059017553,-1.2493252978395324e-05,0.002057513281379724,17.000023267333734
1701944388060367979,-1.2872089411410794e-05,0.002078567720290079,17.00002392181006
1701944388061652334,-1.3236013441232304e-05,0.0020985971769643627,17.000024557180705
1701944388062780612,-1.3557039918794293e-05,0.002116193103663983,17.000025124786383
1701944388063995786,-1.3902651839204414e-05,0.002135146174948307,17.000025744254277
1701944388065326080,-1.4279418957192347e-05,0.0021558895380842844,17.000026429536195
1701944388066578152,-1.4632330067109676e-05,0.0021754139698046395,17.00002707994728
1701944388067557815,-1.49077113325289e-05,0.002190686915184664,17.000027591899865
1701944388069448603,-1.5440791736045443e-05,0.0022201622617873083,17.000028587925467
1701944388070656258,-1.5784095712367438e-05,0.0022389855494759593,17.000029229877327
1701944388072042628,-1.618391418908091e-05,0.0022605990242569028,17.000029973250847
1701944388073436970,-1.6594386058357995e-05,0.0022823405943726387,17.000030728172927
1701944388074659691,-2.3662197113532343e-12,0.001363695329306189,17.000000000004892
1701944388076463697,-2.265113429218717e-08,0.0013838031283047014,17.00000001764849
1701944388077720938,-4.4790429442540715e-08,0.00139216096001298,17.00000003521446
1701944388079147485,-7.675511829932579e-08,0.001401645470943453,17.000000062093545
1701944388080402277,-1.09028303272502e-07,0.001409983918479918,17.000000091843376
1701944388081588209,-1.418702992247037e-07,0.0014178597333169755,17.000000125670287
1701944388083116011,-1.8742704093871398e-07,0.0014279986508776246,17.000000178802388
1701944388084394722,-2.2946243202427837e-07,0.0014364783327260688,17.000000232575506
1701944388086069165,-2.9279597396448114e-07,0.001447576355833776,17.000000316674964
1701944388087728452,-3.6745729109491497e-07,0.0014585684840389985,17.00000041447444
1701944388089480305,-4.6151764417219565e-07,0.001470166374507494,17.000000530371064
1701944388091257620,-5.743309118810908e-07,0.001481923507151351,17.00000065677495
1701944388092695487,-6.784837560704723e-07,0.0014914298165296103,17.00000076224006
1701944388094116655,-7.917412891809201e-07,0.0015008202108769315,17.000000866717695
1701944388095996709,-9.543362517652149e-07,0.0015132341003974495,17.000001003925924
1701944388097252556,-1.0693087449553575e-06,0.0015215245144854397,17.000001095793927
1701944388098841890,-1.2195394456126816e-06,0.0015320144546629366,17.000001215591947
1701944388100360409,-1.3670211298652813e-06,0.001542039165778959,17.000001337164047
1701944388101585506,-1.4889805390600558e-06,0.0015501289409442496,17.00000144264763
1701944388103022451,-1.6365136558780284e-06,0.001559621113619251,17.00000157761313
1701944388104348984,-1.7781033049205604e-06,0.0015683853042589072,17.000001715359733
1701944388105560884,-1.913035842348146e-06,0.0015763915051661848,17.000001854220532
1701944388106647885,-2.0396441536598657e-06,0.001583572931015082,17.000001990292258
1701944388107974654,-2.2030623411518923e-06,0.0015923354875266816,17.000002170643896
1701944388109320038,-2.3807462026959773e-06,0.001601217451945689,17.000002367442306
1701944388110691191,-2.576437761321452e-06,0.001610270761425969,17.000002579246964
1701944388112038615,-2.784623172639873e-06,0.0016191636303189466,17.000002795007706
1701944388113299297,-2.9946300031896174e-06,0.00162748457904148,17.000003001446327
1701944388114741397,-3.253053482428916e-06,0.0016370016563615813,17.000003241456394
1701944388115906886,-3.4757491761180524e-06,0.0016446956218799042,17.000003438740425
1701944388117680190,-3.836452989212673e-06,0.0016564007577510318,17.000003747338525
1701944388119541538,-4.24195136505196e-06,0.0016686904719153731,17.000004086404648
1701944388121082124,-4.597176996331579e-06,0.0016788589351812947,17.000004381590728
1701944388122503857,-4.94002339538e-06,0.0016882411535338268,17.000004667236908
1701944388123406949,-5.164869367765027e-06,0.0016941996453360292,17.000004855274348
1701944388124914362,-5.550951903414045e-06,0.0017041443699617445,17.000005179217528
1701944388125823203,-5.789496939941296e-06,0.0017101402233594073,17.000005379985772
1701944388127439030,-6.22142538647881e-06,0.001720804418321555,17.000005745085083
1701944388128668122,-6.554955482593773e-06,0.0017289215929303268,17.000006028448386
1701944388130090504,-6.944172908912596e-06,0.001738321787293694,17.000006359808438
1701944388131628960,-7.368199074429511e-06,0.001748495239697574,17.000006719211793
1701944388132616648,-7.64237463785169e-06,0.0017550292420403133,17.000006949390784
1701944388134257140,-8.102992986764781e-06,0.001765882171112497,17.00000733060319
1701944388135317156,-8.405331337374194e-06,0.0017728965717683713,17.000007577483014
1701944388136560373,-8.766715267810413e-06,0.0017811243470218948,17.000007870671357
1701944388137820832,-9.142271463827012e-06,0.0017894633529714535,17.000008174967736
1701944388139306536,-9.598669149548077e-06,0.001799292571129935,17.000008546350223
1701944388140255204,-9.898204063609175e-06,0.001805566735971825,17.000008791449094
1701944388141527329,-1.0310442601453088e-05,0.0018139784750813787,17.000009129837277
1701944388142863032,-1.0757179401483839e-05,0.0018228069385515509,17.00000949588023
1701944388143848894,-1.1096916435432985e-05,0.0018293218537574517,17.00000977211693
1701944388145083843,-1.15358866891365e-05,0.0018374812725247564,17.000010123927034
1701944388146710881,-1.213899765231656e-05,0.0018482270864658716,17.000010595329456
1701944388148156466,-1.2700050348212738e-05,0.001857771954623053,17.000011020279487
1701944388149938489,-1.3425544865046306e-05,0.0018695375131746645,17.000011549910756
1701944388151563622,-1.4118787404788998e-05,0.0018802648654807149,17.00001203687672
1701944388154153529,-1.5279329305666514e-05,0.0018973633137357735,17.000012819316815
1701944388155601993,-1.595447199690227e-05,0.0019069276994617918,17.00001326061122
1701944388156912287,-1.6577164168565746e-05,0.0019155826887105759,17.000013663375974
1701944388158135135,-1.7164964874994837e-05,0.0019236611658573462,17.000014043970122
1701944388159216679,-1.7687607817055786e-05,0.001930805703391467,17.000014386020126
1701944388160446406,-1.8282581616052976e-05,0.0019389284216638613,17.00001478304443
1701944388161681939,-1.887975535375945e-05,0.0019470863845365836,17.00001519170048
1701944388162901169,-1.9468997874792566e-05,0.0019551350574591,17.00001560506165
1701944388164305532,-2.015060532755936e-05,0.001964404115065759,17.000016093321232
1701944388165878577,1.6029526169684515e-12,0.0006818781835680556,17.000000000001222
1701944388167095767,-2.0484514765826253e-08,0.000661027900420574,17.00000002272032
1701944388168457489,-4.735492257481045e-08,0.0006508548644745892,17.000000049753254
1701944388169903627,-9.200765253289934e-08,0.0006400553023775992,17.00000008893484
1701944388171103412,-1.423568808993437e-07,0.00063109377135826,17.000000129755453
1701944388172395882,-2.0944475217218082e-07,0.0006214405014161972,17.000000182832284
1701944388174008901,-3.10497241554355e-07,0.0006093927029008681,17.00000026288363
1701944388175765358,-4.415561936852336e-07,0.000596273736503089,17.00000036639464
1701944388177424729,-5.858903972924521e-07,0.0005838841083040196,17.00000047719238
1701944388179579065,-8.067024981547196e-07,0.0005678109226748828,17.000000635149515
1701944388181217808,-1.004317044406328e-06,0.0005555940523472155,17.000000764316322
1701944388182753578,-1.2180633884124834e-06,0.0005441542268520397,17.00000089258563
1701944388184367539,-1.477325101774002e-06,0.0005321349196589344,17.000001036908078
1701944388186690896,-1.917554315283939e-06,0.0005148370223239669,17.000001267061656
1701944388188433710,-2.300507210464835e-06,0.0005018573142534993,17.000001460009273
1701944388190080015,-2.702955539249332e-06,0.0004895924597607741,17.000001660031245
1701944388191521189,-3.0858309894513667e-06,0.00047885172114231966,17.00000184968134
1701944388192911934,-3.4787543925149077e-06,0.00046848559577082063,17.00000204523328
1701944388194293856,-3.88718335819323e-06,0.000458184468421416,17.000002250971715
1701944388195916390,-4.383600224073469e-06,0.0004460886983361343,17.000002505678214
1701944388197590353,-4.9112085446949585e-06,0.0004336123048381982,17.00000278199726
1701944388198963722,-5.355860511788767e-06,0.0004233785749836853,17.000003018726282
1701944388200454100,-5.852906137974052e-06,0.0004122755429840906,17.000003286761864
1701944388201745906,-6.298534635808188e-06,0.0004026536835717456,17.000003529753208
1701944388203233776,-6.831750460117046e-06,0.00039157796220586956,17.000003823246328
1701944388204788792,-7.414107108130767e-06,0.0003800045888267599,17.00000414576949
1701944388206166430,-7.951742482118535e-06,0.0003697500834003409,17.000004443363984
1701944388207943912,-8.67291727627943e-06,0.0003565193591557742,17.00000483823844
1701944388209760016,-9.437577977145912e-06,0.0003429980375405398,17.00000524766758
1701944388211718876,-1.0288265384510054e-05,0.00032841351211945627,17.00000568879105
1701944388213441606,-1.1055403972730413e-05,0.00031559232653247116,17.000006073281423
1701944388214709646,-1.1630695079820324e-05,0.0003061622821457898,17.000006354586066
1701944388215912699,-1.2185085262703938e-05,0.0002972262387984058,17.000006622098137
1701944388217144732,-1.2762699677282755e-05,0.00028808095831744137,17.000006899394407
1701944388218279205,-1.330380503481333e-05,0.00027966789679933487,17.00000715920117
1701944388220053370,-1.4168578704985896e-05,0.0002665185401914194,17.000007575035635
1701944388221395709,-1.4837716779132087e-05,0.0002565772227649339,17.000007896616456
1701944388222865888,-1.5585425112333276e-05,0.000245695226310917,17.000008254667655
1701944388224297157,-1.6329010547750098e-05,0.00023510670852534252,17.000008609081558
1701944388225576953,-1.700800565630979e-05,0.00022564279021618694,17.000008931729063
1701944388227187591,-1.7882518285359233e-05,0.00021373651169025198,17.000009347731968
1701944388228715705,-1.8732087745025604e-05,0.000202444944466299,17.00000975473737
1701944388230041714,-1.948285099240095e-05,0.00019264683214064907,17.000010118951213
1701944388231261878,-2.0181224251427885e-05,0.00018363101291646688,17.00001046322454
1701944388232627567,-2.0966421085056508e-05,0.00017354009425157486,17.000010857944265
1701944388234057028,-2.178771200869796e-05,0.0001629774608317205,17.000011280374054
1701944388235561756,-2.264879590527589e-05,0.00015185363970614558,17.000011734710146
1701944388236806591,-2.3357611564861405e-05,0.00014264942022315113,17.000012118423083
1701944388238132271,-2.41097285581706e-05,0.00013284345962387843,17.00001253657753
1701944388239588497,-2.4934646593775316e-05,0.00012206550897338645,17.000013009760035
1701944388241715275,-2.61431406551439e-05,0.00010631516159220851,17.00001373130113
1701944388243546888,-2.7194350335485137e-05,9.273952852354171e-05,17.000014384145018
1701944388245227374,-2.8174302792220813e-05,8.027898717124375e-05,17.00001500942184
1701944388246758754,-2.908599007281186e-05,6.8918924244656e-05,17.00001560077331
1701944388248240580,-2.9988851708756986e-05,5.7924817536195835e-05,17.000016190990895
1701944388249293195,-3.064337220976356e-05,5.011535159939552e-05,17.000016619581054
1701944388251142151,-3.181701262900735e-05,3.640199664548312e-05,17.000017385635072
1701944388252478748,-3.268096276585348e-05,2.6496635218529824e-05,17.00001794670679
1701944388254066073,-3.371752681895661e-05,1.474324586203154e-05,17.000018617449456
1701944388255530407,-3.4679407646237876e-05,3.908133222975632e-06,17.000019239862105
1701944388256839188,-3.5540947805220886e-05,-5.7701723544215155e-06,17.000019800106454
1701944388258297033,-3.650171235315527e-05,-1.6543470117441955e-05,17.00002043065183
1701944388259688395,-3.742187382825077e-05,-2.6825123902640343e-05,17.0000210409944
1701944388261165007,-3.8405702991711056e-05,-3.7738057316726605e-05,17.000021698989627
1701944388262801085,-3.951048581297226e-05,-4.983930139036033e-05,17.00002244015325
1701944388264168044,-4.04486481175805e-05,-5.995720819060519e-05,17.000023067099004
1701944388265648283,-4.148322652261592e-05,-7.092670852517777e-05,17.000023750872625
1701944388267040345,-4.247480417000021e-05,-8.125215837229218e-05,17.000024395998445
1701944388268547301,-4.356918437077527e-05,-9.24434831844789e-05,17.000025096269322
1701944388270075149,-4.46994505007694e-05,-0.00010379917704215756,17.00002580993194
1701944388271892215,-4.60675422052645e-05,-0.0001173158841671731,17.00002666858942
1701944388273711038,-9.635332015220897e-12,0.0003409382302603703,17.000000000002874
1701944388275327869,-3.402698783212927e-08,0.00033006850363342493,17.000000032907906
1701944388276796731,-6.853877716415417e-08,0.0003254181951023367,17.00000006803811
1701944388278186073,-1.1132200644293095e-07,0.0003210211361117521,17.00000011425317
1701944388279806275,-1.7443583074493287e-07,0.00031589726927210086,17.000000183632554
1701944388281117115,-2.3646468229549205e-07,0.0003117576719381545,17.000000251085957
1701944388282724001,-3.2594377527904987e-07,0.00030669345399509187,17.000000346459426
1701944388284270311,-4.257214405262126e-07,0.0003018306075671871,17.000000450900103
1701944388285734230,-5.324989335733856e-07,0.00029723620804526953,17.000000560902276
1701944388287219313,-6.539116125555467e-07,0.0002925809498485029,17.000000683549874
1701944388288436435,-7.64473671054388e-07,0.0002887671167327367,17.00000079289782
1701944388289830468,-9.051850961665524e-07,0.0002843970251700828,17.000000929662146
1701944388291081383,-1.0451895207276886e-06,0.00028047167811344253,17.00000106476888
1701944388292650104,-1.2390627417087963e-06,0.0002755430896887251,17.00000125324826
1701944388294679465,-1.5180593262197277e-06,0.00026915966515003595,17.000001530070357
1701944388295997793,-1.7153903188504583e-06,0.000265008313669038,17.000001729626796
1701944388297422750,-1.9427786733218525e-06,0.00026052022055493367,17.0000019612352
1701944388298924118,-2.2001278303804536e-06,0.0002557884640550381,17.000002220736594
1701944388300569610,-2.5066636814144112e-06,0.00025060089830044333,17.000002519201292
1701944388302381245,-2.878632993534384e-06,0.00024488398527187845,17.0000028597427
1701944388304350162,-3.3286563440743657e-06,0.00023866413664147348,17.000003239129043
1701944388306084905,-3.7678110113949223e-06,0.00023317674466385337,17.000003579408435
1701944388307512197,-4.160363752453178e-06,0.00022865621558127024,17.00000386339481
1701944388308941554,-4.5811616090847256e-06,0.0002241253029377974,17.000004151842866
1701944388310268664,-4.994731334114274e-06,0.00021991554030355458,17.000004423860176
1701944388311868590,-5.518912439588669e-06,0.00021483716668303226,17.00000475787905
1701944388313441186,-6.058359209501999e-06,0.00020984393455070918,17.00000509298993
1701944388314877558,-6.570911712606882e-06,0.00020528221051586363,17.000005405052498
1701944388316563582,-7.197717152217939e-06,0.00019992452739212713,17.000005778754307
1701944388318099123,-7.793698521168584e-06,0.00019504336711371494,17.000006126342218
1701944388319495307,-8.357667334374929e-06,0.0001906039383728801,17.000006449401496
1701944388320854218,-8.927417671387694e-06,0.00018628367421061947,17.00000677164931
1701944388322340479,-9.574848231437807e-06,0.0001815612983343014,17.000007134438363
1701944388323962826,-1.031184821875272e-05,0.000176409387627894,17.000007543827923
1701944388325426825,-1.1004842688044817e-05,0.00017176169971496147,17.00000792524386
1701944388326868526,-1.1713322372090486e-05,0.00016718250538189954,17.000008311418227
1701944388328076435,-1.2325799238320977e-05,0.00016334370871322817,17.000008642270526
1701944388329434597,-1.3033214112516688e-05,0.00015902522737801545,17.000009021377082
1701944388331157992,-1.3956427914542682e-05,0.0001535490493831286,17.00000951201386
1701944388333092617,-1.5025815499959824e-05,0.00014741238953274683,17.00001007493528
1701944388335050331,-1.6144892473806344e-05,0.00014122208759915456,17.000010657439148
1701944388337096310,-1.7358989005313662e-05,0.00013477685738037533,17.00001128108817
1701944388338517313,-1.8232287057849514e-05,0.00013031418640083525,17.000011724360746
1701944388340151164,-1.926933631386434e-05,0.0001251980013899831,17.00001224590384
1701944388341681153,-2.0273728801105085e-05,0.00012041726481309857,17.000012747814594
1701944388343030597,-2.1185466500829215e-05,0.00011620847876266585,17.00001320273687
1701944388344310423,-2.2071411127458987e-05,0.00011222111669560276,17.000013646000806
1701944388346031570,-2.329279902612569e-05,0.00010686183754264622,17.00001426127656
1701944388347231740,-2.416310482172733e-05,0.0001031258590387874,17.0000147033846
1701944388348637033,-2.5199578737766664e-05,9.874888552033953e-05,17.00001523491296
1701944388350072611,-2.6274598389154372e-05,9.427613719170527e-05,17.000015792997104
1701944388351283308,-2.7192117976025863e-05,9.05017222306343e-05,17.000016275247333
1701944388352634963,-2.8226380781571727e-05,8.628560976760133e-05,17.000016824643936
1701944388353956520,-2.9247292178774667e-05,8.216149782056482e-05,17.00001737063036
1701944388355211108,-3.0225902713614772e-05,7.824663902019723e-05,17.000017894509774
1701944388356642296,-3.1355573198098795e-05,7.37839275652084e-05,17.000018496925914
1701944388358098309,-3.2522469326187144e-05,6.92506206692608e-05,17.000019115200818
1701944388359378844,-3.356697179907936e-05,6.527020769604074e-05,17.00001966509735
1701944388360787208,-3.4739973791817975e-05,6.089835102911196e-05,17.000020279239234
1701944388362685035,-3.636603466306851e-05,5.501169555400436e-05,17.000021126684963
1701944388364380157,-3.786284541201602e-05,4.9753746313274014e-05,17.00002190574202
1701944388366360679,-3.9658652967025765e-05,4.3606040622561544e-05,17.000022844925354
1701944388367955458,-4.113426785516314e-05,3.865095262549127e-05,17.000023624417977
1701944388369463044,-4.2546026936586326e-05,3.396381706536821e-05,17.00002437973935
1701944388370980003,-4.397799106202689e-05,2.9246104500065276e-05,17.000025156383032
1701944388372292967,-4.5224435528888994e-05,2.5164449585533348e-05,17.000025840135795
1701944388373287257,-4.617260366718914e-05,2.2075871567237847e-05,17.000026363779913
1701944388374951438,-4.777068783570826e-05,1.6912001360284423e-05,17.000027249099368
1701944388376357899,-4.913509162225922e-05,1.2554067559406317e-05,17.00002800495366
1701944388377506850,-1.6049681250901796e-13,-0.0010226957155391994,17.000000000001283
1701944388378998479,-3.315413073435225e-08,-0.0010573775823477442,17.000000012988682
1701944388380494489,-8.332419545012831e-08,-0.0010770159020403137,17.00000003276704
1701944388381732211,-1.4502452667577267e-07,-0.0010932544768049452,17.000000057457882
1701944388383167663,-2.42119441154249e-07,-0.0011120793984831638,17.000000096929305
1701944388384754101,-3.8332399359749847e-07,-0.0011328696143649616,17.000000154511476
1701944388386216964,-5.460312624803872e-07,-0.001152025310487794,17.000000219997553
1701944388387793622,-7.564396279110767e-07,-0.0011726607083187514,17.000000302581174
1701944388389262647,-9.842350458960848e-07,-0.0011918785569442342,17.000000389730584
1701944388390597240,-1.2161082662207252e-06,-0.001209330634697503,17.000000477125024
1701944388391872234,-1.457942820988714e-06,-0.0012259958354139248,17.000000568268998
1701944388393793147,-1.8564698745912596e-06,-0.0012511022644350529,17.00000072176318
1701944388395514850,-2.2463205059923247e-06,-0.0012736025921585598,17.00000087820267
1701944388396847936,-2.5680747131947567e-06,-0.0012910182133676754,17.00000101336153
1701944388398449473,-2.9766792128977997e-06,-0.001311934757137939,17.000001193894555
1701944388399673627,-3.305396159676749e-06,-0.0013279183764904415,17.000001345993173
1701944388401161375,-3.725658493112525e-06,-0.0013473324051589523,17.000001547813355
1701944388403117354,-4.317570622920641e-06,-0.0013728433581390949,17.00000184208582
1701944388404717117,-4.8379243216036705e-06,-0.0013937004659833156,17.00000210772292
1701944388406116595,-5.32046642110921e-06,-0.0014119407153672938,17.00000235886015
1701944388407484048,-5.814718835194159e-06,-0.0014297672337648217,17.000002620854662
1701944388408780334,-6.299929926622038e-06,-0.001446664555244384,17.000002882671495
1701944388410022945,-6.775873264095786e-06,-0.0014628619324486179,17.000003143301083
1701944388411277595,-7.263362118257426e-06,-0.001479213016197826,17.000003412824054
1701944388412622602,-7.79183248527993e-06,-0.0014967426744035908,17.00000370600338
1701944388413813855,-8.265266781262886e-06,-0.00151226408735887,17.000003968069333
1701944388415262612,-8.85153709901521e-06,-0.0015311449531923785,17.000004290254605
1701944388416736449,-9.464723831603567e-06,-0.0015503527242231487,17.000004623416938
1701944388418051250,-1.0031031175423765e-05,-0.0015674956860964667,17.00000492704718
1701944388419387957,-1.0629788811815725e-05,-0.0015849301561191166,17.000005243449063
1701944388420655507,-1.12218728670076e-05,-0.0016014655071526292,17.000005551633944
1701944388421925916,-1.1841027021057865e-05,-0.0016180476043765927,17.00000586923875
1701944388423192170,-1.2483923342801099e-05,-0.0016345807125318719,17.000006194486158
1701944388424751188,-1.330890261726227e-05,-0.0016549468576371547,17.000006606031654
1701944388426684662,-1.4377173514078981e-05,-0.0016802185744730306,17.000007131228628
1701944388428438979,-1.538368181710034e-05,-0.001703163671255577,17.00000762011523
1701944388429947382,-1.6273663075305022e-05,-0.0017229021179084676,17.00000804891793
1701944388431232966,-1.7049121939161028e-05,-0.0017397273107710356,17.000008420450097
1701944388432734725,-1.7976066340169434e-05,-0.001759383760319302,17.000008862316836
1701944388433979302,-1.8763015976048873e-05,-0.0017756727073000127,17.00000923572628
1701944388435979807,-2.006728256229274e-05,-0.0018018568137378526,17.000009851757497
1701944388437355855,-2.099350044818698e-05,-0.0018198669709631357,17.000010287167733
1701944388438724606,-2.193915660772153e-05,-0.001837786719151239,17.000010729251414
1701944388439924725,-2.2788581215765382e-05,-0.001853502677283048,17.00001112324851
1701944388441375088,-2.3840606097916615e-05,-0.0018724967006720264,17.000011606146323
1701944388442704535,-2.4829543632290587e-05,-0.0018899097802166703,17.00001205515679
1701944388444206079,-2.597401987761016e-05,-0.0019095788706971148,17.000012569998017
1701944388445433911,-2.6930526099960256e-05,-0.0019256629418261497,17.000012996959757
1701944388446786129,-2.8004236728764018e-05,-0.0019433769297518687,17.00001347205283
1701944388448016706,-2.8999260382791593e-05,-0.0019594946149662416,17.000013906730494
1701944388449560723,-3.027287168067786e-05,-0.0019797187134484935,17.000014452109404
1701944388451289717,-3.1734383603018394e-05,-0.0020023659986138603,17.00001506047861
1701944388452591279,-3.286090928185799e-05,-0.0020194135216022122,17.000015516771217
1701944388453792471,-3.392249186713258e-05,-0.0020351485237879276,17.00001593795531
1701944388455243886,-3.523473811574952e-05,-0.00205415387926347,17.00001644932134
1701944388457319334,-3.7171238801875545e-05,-0.002081328129858335,17.000017190248535
1701944388459168312,-3.895677909440325e-05,-0.0021055312727434644,17.000017863153634
1701944388460706369,-4.048500086386962e-05,-0.0021256635803160806,17.00001843433771
1701944388462220492,-4.2025244286578445e-05,-0.002145473014842836,17.00001900793978
1701944388463559650,-4.3416373167893497e-05,-0.0021629906096798284,17.000019525226207
1701944388465078946,-4.502670989837161e-05,-0.0021828546068921625,17.000020123033135
1701944388466227511,-4.626773072280114e-05,-0.002197867110219207,17.000020582443543
1701944388467417156,-4.757570798306991e-05,-0.0022134084679885473,17.000021064693996
1701944388468869759,-4.9205615157064374e-05,-0.002232372993844529,17.00002166237018
1701944388470312237,-5.0861085732201604e-05,-0.002251199203837954,17.000022265933918
1701944388471692200,-5.247850397117314e-05,-0.002269206254189765,17.000022852946223
1701944388473147759,-5.4218207721867466e-05,-0.002288202526473276,17.000023482454033
1701944388474635641,3.638561457339207e-12,-0.0003409400901683004,17.00000000000457
1701944388475722070,-4.751236547897406e-08,-0.00032288044578241597,17.00000001696151
1701944388476946516,-1.0302358314536441e-07,-0.00031429618208578784,17.000000037250544
1701944388478292420,-1.881760342738486e-07,-0.0003048674594061848,17.00000006978473
1701944388479882096,-3.2274974042062757e-07,-0.00029374036653325103,17.000000123861486
1701944388481110607,-4.531476258315353e-07,-0.0002851460255069238,17.00000017855806
1701944388482252879,-5.955611119237183e-07,-0.00027715918130232734,17.00000024034845
1701944388483631055,-7.941747335459453e-07,-0.0002675251596203551,17.00000032893466
1701944388484937809,-1.0083460307485512e-06,-0.0002583925867260889,17.000000426059717
1701944388486002827,-1.2003482275925988e-06,-0.0002509491912628613,17.000000513488924
1701944388487870204,-1.5724942239293822e-06,-0.00023789411226450634,17.000000681540712
1701944388489982990,-2.048426953535634e-06,-0.00022311249062150864,17.00000089185934
1701944388491601035,-2.454420087547592e-06,-0.00021178632234936765,17.000001066649727
1701944388493792488,-3.0676699684147516e-06,-0.0001964363645109416,17.0000013235564
1701944388494951144,-3.4229986412014195e-06,-0.0001883176277942235,17.0000014695999
1701944388496255604,-3.850034995513402e-06,-0.00017917647302853813,17.000001643406865
1701944388497547615,-4.3017042777374624e-06,-0.0001701203241938004,17.000001825244805
1701944388498938764,-4.82028150231693e-06,-0.00016036652784744945,17.000002030465083
1701944388500318947,-5.368242035970198e-06,-0.00015068755488471347,17.00000224188898
1701944388501432623,-5.834959030670747e-06,-0.0001428777197316468,17.000002417050663
1701944388502890850,-6.479002696450567e-06,-0.00013265551300875404,17.00000265156096
1701944388504165911,-7.072073492136437e-06,-0.00012372307839876817,17.000002861318723
1701944388505540140,-7.74161604850392e-06,-0.00011410403314257167,17.00000309296169
1701944388506942827,-8.456809384595553e-06,-0.00010429461604543266,17.00000333672067
1701944388508311047,-9.18466404579093e-06,-9.473084843764227e-05,17.000003583394644
1701944388509727887,-9.968197699531837e-06,-8.48290552971111e-05,17.000003850018807
1701944388511025520,-1.0710532015457466e-05,-7.576017796813683e-05,17.000004105593923
1701944388512353411,-1.1493476361618396e-05,-6.647304084199486e-05,17.00000437954
1701944388513836917,-1.2395490526097332e-05,-5.609084242850439e-05,17.000004700645807
1701944388515307166,-1.3319677234391715e-05,-4.5792341060200764e-05,17.000005033869332
1701944388516648580,-1.4191573470831676e-05,-3.639207343525527e-05,17.000005349504818
1701944388518413752,-1.5385297014675088e-05,-2.4017906903816148e-05,17.000005779343645
1701944388520403038,-1.6796931033118314e-05,-1.0073937004635396e-05,17.00000628109481
1701944388521713591,-1.7765683079138016e-05,-8.922981112216987e-07,17.000006621003152
1701944388522849302,-1.863008180607477e-05,7.0637753443447606e-06,17.000006921854677
1701944388524350274,-1.9806379913711045e-05,1.7573880510427336e-05,17.000007329357075
1701944388525370241,-2.0627541031872234e-05,2.471768139375594e-05,17.000007613384454
1701944388526760463,-2.1773144009411722e-05,3.4455374246603015e-05,17.00000800967441
1701944388528256194,-2.303752316430323e-05,4.4937455515064674e-05,17.00000844649763
1701944388529263605,-2.3906332707985573e-05,5.200152129039552e-05,17.000008745583646
1701944388530541135,-2.502654817103609e-05,6.096550894308424e-05,17.00000912872736
1701944388532081459,-2.640305655898985e-05,7.17748918922587e-05,17.000009594959362
1701944388533242363,-2.745985722169727e-05,7.992577559524317e-05,17.000009949553135
1701944388534828570,-2.8931878121149347e-05,9.106527170253044e-05,17.000010439142972
1701944388535975084,-3.0017382198415407e-05,9.912103256348873e-05,17.00001079716582
1701944388537327535,-3.132356114050582e-05,0.00010863582976778144,17.000011224746576
1701944388538714887,-3.26936263104654e-05,0.00011840902453062044,17.000011670014683
1701944388540004829,-3.399642376382189e-05,0.00012750843923590814,17.00001209128925
1701944388541287342,-3.532104152650794e-05,0.00013656978875735713,17.000012518300263
1701944388542609723,-3.671742553741079e-05,0.00014592322004126202,17.000012966941707
1701944388543931281,-3.814389190385431e-05,0.00015528406984895076,17.000013422459627
1701944388545417379,-3.9783083246032926e-05,0.00016582537636529557,17.000013940289083
1701944388546510079,-4.101090294885808e-05,0.00017358684711825178,17.00001432330366
1701944388548544805,-4.334513145111682e-05,0.0001880661663274804,17.000015039723195
1701944388550066864,-4.51301285502561e-05,0.0001989173880086843,17.0000155789325
1701944388552092631,-4.7554813585573293e-05,0.00021338361147737412,17.000016304835512
1701944388553475102,-4.924087507730762e-05,0.0002232716093190434,17.000016808210315
1701944388554569142,-5.059235358583437e-05,0.00023110226893218345,17.00001721274564
1701944388555825268,-5.216202749708419e-05,0.00024009595027938167,17.000017684964654
1701944388557052428,-5.3713997035735405e-05,0.0002488867931068131,17.000018154328295
1701944388558383887,-5.5418236129254506e-05,0.00025842973815172016,17.000018671388805
1701944388560049162,-5.757995491207018e-05,0.00027036839380024594,17.000019326826344
1701944388561358628,-5.930607967147355e-05,0.00027976120398751563,17.000019847652606
1701944388562461074,-6.077924484068043e-05,0.0002876685698531908,17.000020288750253
1701944388563909594,-6.274653112471154e-05,0.00029805533835981904,17.000020871132214
1701944388564956459,-6.419254311657279e-05,0.0003055601113762558,17.000021293999733
1701944388566216711,-6.596087413085076e-05,0.00031458958851764715,17.00002180568002
1701944388567488461,-6.777501117210859e-05,0.0003236942305001563,17.00002232600068
1701944388568806923,-6.968532488980517e-05,0.0003331254282266794,17.000022871395313
1701944388570096633,-7.15809920471135e-05,0.00034234419416525333,17.000023412806403
1701944388571493165,-7.366095415323728e-05,0.00035231704600092854,17.000024010042473
1701944388572920796,-7.58155147097082e-05,0.00036250672642168367,17.000024634186182
1701944388574239971,-7.78305594391952e-05,0.00037191877225974514,17.000025223152136
1701944388575547963,-7.985078256581186e-05,0.0003812499128856345,17.00002581736031
1701944388576848068,-8.188068858319892e-05,0.00039052572871786146,17.000026415997315
1701944388578666664,-4.802726209893367e-12,2.6736746302179204e-10,17.00000000000447
1701944388580058446,-6.990313109513145e-08,1.0528040730407204e-05,17.00000001533532
1701944388581764350,-1.659216702468787e-07,1.612811491503089e-05,17.000000035138967
1701944388583073239,-2.707728046836997e-07,2.0425247898443233e-05,17.000000055184532
1701944388584721829,-4.468731132699899e-07,2.583883362982369e-05,17.000000087533287
1701944388586387246,-6.787685484608401e-07,3.13058858037844e-05,17.00000013044908
1701944388587959787,-9.49446982322712e-07,3.64668444019535e-05,17.00000018261072
1701944388589197101,-1.1973624893277672e-06,4.0526874178945965e-05,17.00000023254199
1701944388590359970,-1.4570378133518404e-06,4.434186478958516e-05,17.00000028680216
1701944388591663377,-1.7770528359033374e-06,4.861885565921882e-05,17.000000355799273
1701944388593146311,-2.1764735810131638e-06,5.34864960467088e-05,17.00000044423244
1701944388594335960,-2.5231457158089363e-06,5.739314887660919e-05,17.000000522358096
1701944388596069150,-3.0684529601088827e-06,6.30859144401253e-05,17.000000646273346
1701944388597273772,-3.47508668857066e-06,6.704356290570858e-05,17.000000738433563
1701944388598577095,-3.940046594082857e-06,7.132358558058541e-05,17.00000084186085
1701944388599833859,-4.4134989814983135e-06,7.544979173320423e-05,17.000000943516767
1701944388601082169,-4.908818337417656e-06,7.954495971641494e-05,17.000001044842637
1701944388602645680,-5.566426552706303e-06,8.467253457059096e-05,17.000001171331228
1701944388604067499,-6.201129622645913e-06,8.93338424658643e-05,17.00000128614936
1701944388605259812,-6.759845386338063e-06,9.32416785520604e-05,17.00000138304287
1701944388606381130,-7.305799004020224e-06,9.691641018020492e-05,17.000001475685742
1701944388607964732,-8.106887471415832e-06,0.00010210653746541606,17.000001611060423
1701944388609583698,-8.959139613115445e-06,0.00010741331197142594,17.000001757006117
1701944388611003979,-9.734117665250053e-06,0.00011206996052084885,17.00000189307822
1701944388612570428,-1.0621793045749862e-05,0.00011720693592187454,17.00000205358645
1701944388613677644,-1.1273211602858083e-05,0.0001208371509958677,17.000002174095208
1701944388615147425,-1.2174935333230978e-05,0.00012565452228177165,17.000002343094366
1701944388616187584,-1.2841278901901978e-05,0.0001290636281899143,17.000002468750353
1701944388617630558,-1.3806078146593098e-05,0.00013379209866890324,17.00000265079338
1701944388619135876,-1.4860983845025028e-05,0.00013872575262343745,17.000002849444222
1701944388620540083,-1.5884723842263556e-05,0.0001433290682767525,17.00000304146763
1701944388621607005,-1.6683969033778115e-05,0.0001468269315349448,17.000003190652276
1701944388622870015,-1.7649013236084744e-05,0.00015096706276167903,17.00000336984762
1701944388624185649,-1.8673689094623233e-05,0.0001552791942136711,17.00000355945198
1701944388625600799,-1.9798622560947343e-05,0.00015991756147175533,17.000003768126994
1701944388626819092,-2.0788523445283644e-05,0.00016391122337371325,17.00000395356224
1701944388628088735,-2.1845497080502687e-05,0.000168075192915943,17.000004154715256
1701944388629354439,-2.292898086378855e-05,0.00017223018420457452,17.00000436474507
1701944388630662125,-2.4081990499678996e-05,0.0001765273338983075,17.000004591991686
1701944388632186848,-2.5469358754772003e-05,0.00018154365946209663,17.000004868958676
1701944388633494042,-2.669342478733856e-05,0.0001858505455541109,17.000005115312515
1701944388634657148,-2.7806096666298756e-05,0.00018968746556332234,17.00000534028313
1701944388635995731,-2.9110395554143453e-05,0.00019411023704792214,17.000005605177382
1701944388637248037,-3.035155912060185e-05,0.0001982558393688608,17.00000585863159
1701944388638775886,-3.1891497376497535e-05,0.0002033226341198477,17.00000617510317
1701944388640199011,-3.33519465652267e-05,0.00020805147544706941,17.000006476875893
1701944388641739924,-3.4963104740046054e-05,0.0002131803856400131,17.000006810508033
1701944388643328935,-3.665885888149443e-05,0.0002184768247983468,17.000007160937514
1701944388644693707,-3.814372091232529e-05,0.00022302891063762944,17.00000746608009
1701944388646077626,-3.9676331364927824e-05,0.00022764605839461084,17.000007778846673
1701944388647869819,-4.169952705763384e-05,0.00023362373738719758,17.000008189278738
1701944388649103650,-4.311669440163285e-05,0.0002377387333263987,17.000008476383787
1701944388650248538,-4.444833207121145e-05,0.00024155878345376042,17.000008747267415
1701944388652006879,-4.652235787388479e-05,0.0002474337241250875,17.000009172919956
1701944388653619754,-4.84546834509881e-05,0.0002528347205972238,17.000009573310127
1701944388654990092,-5.011935053794774e-05,0.0002574343356736617,17.00000992002261
1701944388656303971,-5.173573076600878e-05,0.0002618523829701393,17.00001025709748
1701944388657576494,-5.3321393687336284e-05,0.00026613932554353395,17.00001058777397
1701944388658819314,-5.488820751269389e-05,0.00027032944340898355,17.000010914957468
1701944388659964232,-5.634803246490322e-05,0.00027419261409933636,17.000011220819413
1701944388661378222,-5.8171348274595174e-05,0.0002789622286142275,17.00001160446616
1701944388662810442,-6.004186335051362e-05,0.0002837918566185703,17.000011998976664
1701944388664019954,-6.164003258570871e-05,0.0002878687890031395,17.000012335373977
1701944388665265589,-6.330214490345615e-05,0.000292063005135587,17.000012682812745
1701944388666650477,-6.516898100820576e-05,0.00029672235834710803,17.000013068549556
1701944388667985508,-6.698559817169304e-05,0.0003012083029069197,17.000013439197343
1701944388669278029,-6.876026926964884e-05,0.00030554777563217213,17.000013798408535
1701944388670787998,-7.085251763407061e-05,0.0003106114840489258,17.000014222275468
1701944388672814425,-1.2071629611719314e-11,0.0006818768439761123,17.000000000002192
1701944388674788561,-7.55473456428484e-08,0.0007108412167584787,17.000000040667324
1701944388676122617,-1.3425151708173992e-07,0.0007204977898736398,17.000000073614316
1701944388677376594,-2.0470430862353588e-07,0.0007295722919600474,17.000000115846174
1701944388678926479,-3.1318017418148305e-07,0.0007407891609568359,17.00000018451122
1701944388680224903,-4.239667120875032e-07,0.0007501845830111505,17.000000256530917
1701944388681439292,-5.463312118839855e-07,0.0007589712935965683,17.00000033624433
1701944388682849498,-7.139035730695577e-07,0.0007691708391395481,17.000000444286535
1701944388684057496,-8.80771570924382e-07,0.0007779093465307538,17.000000550137287
1701944388685351183,-1.0842290292239518e-06,0.0007872692036525945,17.00000067597694
1701944388686674175,-1.3189900492381198e-06,0.0007968468703004087,17.000000815481776
1701944388687921835,-1.5647002637463038e-06,0.0008058871749489447,17.000000954172773
1701944388689171729,-1.8335669519253636e-06,0.0008149542241427606,17.00000109791985
1701944388690596550,-2.1660626361245095e-06,0.0008252996978381685,17.000001267136582
1701944388692353030,-2.6122915138860164e-06,0.0008380639262745342,17.000001485993966
1701944388693945699,-3.0515952918362203e-06,0.0008496420824369043,17.000001697489115
1701944388695551008,-3.529783876020921e-06,0.0008613107728967668,17.000001926209436
1701944388696912928,-3.965606902077219e-06,0.0008712089825683338,17.000002133128437
1701944388698161416,-4.39066802025226e-06,0.0008802795442552766,17.0000023317855
1701944388699653567,-4.930776798640594e-06,0.0008911250386366032,17.00000257682035
1701944388701539592,-5.659640941984813e-06,0.000904843534120619,17.00000289226051
1701944388703484084,-6.4588604536429375e-06,0.0009190097906806381,17.00000321970991
1701944388705412514,-7.291446510495166e-06,0.0009330839479072165,17.00000354528033
1701944388706980283,-7.99227810634749e-06,0.0009445406745983597,17.00000381179551
1701944388708289601,-8.591705636435914e-06,0.0009541194750072149,17.00000403773559
1701944388709562658,-9.186406224524166e-06,0.0009634369531050322,17.000004262292197
1701944388711036722,-9.891714130022275e-06,0.0009742319799173854,17.000004529875163
1701944388712397106,-1.0560345329317776e-05,0.0009841977070615586,17.000004783729437
1701944388713963626,-1.1352387803351034e-05,0.0009956763590736769,17.00000508207194
1701944388715376701,-1.2086542737383164e-05,0.001006035215342331,17.000005354567765
1701944388716825611,-1.2857043626513078e-05,0.0010166612275140517,17.000005635744024
1701944388718193336,-1.3599264626203494e-05,0.0010266917191744439,17.00000590260587
1701944388719522529,-1.4334261038028092e-05,0.001036442243857677,17.000006164370777
1701944388720765749,-1.5034530901178216e-05,0.001045564044550339,17.000006412958253
1701944388722167811,-1.5840453375064986e-05,0.0010558494849057358,17.000006700055867
1701944388723513526,-1.6632003395290643e-05,0.0010657239524324864,17.000006984608927
1701944388724762177,-1.7382966037787183e-05,0.001074885072760934,17.000007257430948
1701944388726065011,-1.8184066361936045e-05,0.001084444793917403,17.000007550574452
1701944388727253000,-1.8930243415679577e-05,0.0010931655431001485,17.000007823723617
1701944388728496608,-1.972650829499866e-05,0.0011022973400818619,17.00000811292486
1701944388730035224,-2.0731545310782026e-05,0.001113600016218943,17.00000847180971
1701944388731552168,-2.174223704768527e-05,0.0011247427563916476,17.0000088244326
1701944388733186377,-2.2852988068452626e-05,0.0011367473075047656,17.000009202535562
1701944388735249737,-2.4289303823179117e-05,0.0011518981256645403,17.000009679538376
1701944388737442308,-2.5861961757568484e-05,0.0011679943264306183,17.000010191294937
1701944388738830634,-2.688560210378873e-05,0.0011781865246387768,17.000010521144688
1701944388740002676,-2.7768959620579257e-05,0.001186792718637115,17.00001080555919
1701944388741320946,-2.878504661013326e-05,0.0011964751944982769,17.00001113414424
1701944388742429919,-2.9658484371872323e-05,0.001204624847439367,17.00001141878062
1701944388744051579,-3.0964122889905145e-05,0.0012165446963635187,17.000011849238703
1701944388745254566,-3.1953238238450456e-05,0.0012253864028673432,17.000012179304502
1701944388746581926,-3.3064962699159005e-05,0.0012351417635759515,17.000012553560428
1701944388747935485,-3.422089809622355e-05,0.001245081472574324,17.000012945182586
1701944388749583014,-3.5659680169984786e-05,0.001257168459422694,17.000013434907014
1701944388751145140,-3.705598418908386e-05,0.0012686186247079954,17.000013912328182
1701944388752427606,-3.822442870951974e-05,0.001278014230646902,17.0000143137707
1701944388753783301,-3.947931524857219e-05,0.0012879460981097188,17.000014747214262
1701944388755164097,-4.077693228149588e-05,0.0012980670716344332,17.00001519753954
1701944388756253589,-4.181393259010363e-05,0.0013060553079690357,17.000015557993656
1701944388757851131,-4.3356839422701165e-05,0.0013177781495179325,17.000016092263863
1701944388758996072,-4.447940767798664e-05,0.00132618309303557,17.000016478077885
1701944388760541087,-4.6018640849658786e-05,0.0013375299663308377,17.000017001737728
1701944388761788933,-4.728279970460007e-05,0.0013466934675382606,17.0000174270493
1701944388763440866,-4.898749134383644e-05,0.0013588288175869297,17.0000179938788
1701944388765508460,-5.1171700568733107e-05,0.0013740211027774023,17.00001870955172
1701944388767380276,-5.319820129787962e-05,0.0013877796731820925,17.000019364494484
1701944388769156045,-5.5164095974461365e-05,0.001400835315425313,17.000019994004315
1701944388770772799,-2.4080319579707424e-12,0.00034093938756928435,17.000000000004388
1701944388772618336,-8.170919282381423e-08,0.0003288921769821694,17.00000002099136
1701944388773956611,-1.5703136033244522e-07,0.00032423704166832765,17.00000004026959
1701944388775265287,-2.5396428975800303e-07,0.0003196853742801126,17.00000006440107
1701944388776439146,-3.598357234226255e-07,0.00031560263090802787,17.000000089210296
1701944388777585201,-4.795764434735628e-07,0.00031161662297714634,17.000000114981564
1701944388778781247,-6.208891119669698e-07,0.00030745579301433296,17.00000014256218
1701944388779893311,-7.667664237766877e-07,0.00030358372731321574,17.000000168682675
1701944388781106352,-9.416333699484273e-07,0.0002993583292408297,17.000000198351405
1701944388782351978,-1.1391660577848216e-06,0.0002950153019584554,17.000000231588803
1701944388783752962,-1.3850846061918432e-06,0.00029012800341800683,17.000000274861648
1701944388784927095,-1.612632102581728e-06,0.0002860289038074431,17.000000317984675
1701944388786153774,-1.873319370932711e-06,0.00028174304490624375,17.000000371737652
1701944388787420541,-2.1681255653495073e-06,0.00027731209589106347,17.000000438052137
1701944388788663670,-2.482037453014898e-06,0.00027295752548055956,17.00000051459228
1701944388789871779,-2.8083559689608717e-06,0.00026871901367832665,17.000000600019998
1701944388791094538,-3.156940999865514e-06,0.0002644216195567031,17.00000069717519
1701944388792317321,-3.520627938890498e-06,0.0002601179586285175,17.00000080415662
1701944388793534227,-3.894877256841336e-06,0.0002558309375627261,17.000000919246016
1701944388795010920,-4.363638288297664e-06,0.0002506266495359696,17.000001069352358
1701944388796910270,-4.990971597637528e-06,0.00024393115248523014,17.000001279447417
1701944388798569162,-5.564135475260627e-06,0.0002380843067898807,17.000001480114435
1701944388799900749,-6.044245698783812e-06,0.0002333912292496968,17.000001654347095
1701944388800977958,-6.4474146282402935e-06,0.0002295942336882297,17.00000180460866
1701944388803284730,-7.357622658838889e-06,0.000221461209127422,17.00000215379632
1701944388804597276,-7.903872567427211e-06,0.00021683199231071714,17.000002367972005
1701944388805614014,-8.34063592461296e-06,0.00021324729865244166,17.000002540136705
1701944388806971556,-8.943119766486802e-06,0.00020846199793460847,17.000002776515824
1701944388808258949,-9.536408958965106e-06,0.00020392626004327646,17.000003006011752
1701944388809783731,-1.0269296579098077e-05,0.00019855834363914803,17.000003282761455
1701944388811254966,-1.1008972999978228e-05,0.00019338170293295025,17.000003553971915
1701944388812765456,-1.1800625145473877e-05,0.00018806998540565328,17.000003836676974
1701944388813783150,-1.2350991749141837e-05,0.0001844918161118094,17.000004030218083
1701944388815300186,-1.3191987306977091e-05,0.0001791612320004394,17.00000432512714
1701944388816636678,-1.3950260452139021e-05,0.00017446954375928485,17.00000459274051
1701944388818072411,-1.4780686957002798e-05,0.0001694343455305929,17.000004890113868
1701944388819139513,-1.54078709206584e-05,0.00016569612467505807,17.000005118479756
1701944388820696976,-1.6338302895942176e-05,0.00016024705957268362,17.000005463495636
1701944388821969497,-1.7111545611994827e-05,0.00015580168726850416,17.00000575525428
1701944388823111082,-1.781500206464456e-05,0.00015181777702378735,17.00000602380626
1701944388824598772,-1.8744991402593614e-05,0.00014663030689051704,17.000006382121228
1701944388826076660,-1.968366383048328e-05,0.00014148034538160153,17.0000067463185
1701944388827900313,-2.0863930958003517e-05,0.00013512720511069115,17.00000720590144
1701944388829291139,-2.1782151111599575e-05,0.0001302813651774585,17.000007563699395
1701944388831167940,-2.3049544445403233e-05,0.00012373719998996427,17.000008056916297
1701944388832486375,-2.3960590149344965e-05,0.00011913633947076226,17.00000841087775
1701944388833959052,-2.5000208248982618e-05,0.00011399422951546849,17.000008814272363
1701944388836289130,-2.6697741952155156e-05,0.00010585617201506136,17.00000947156226
1701944388837532801,-2.7632326607713082e-05,0.00010151319277191898,17.00000983236942
1701944388838857808,-2.8652321169387115e-05,9.688768163074541e-05,17.000010224627474
1701944388840504795,-2.9955461791745587e-05,9.114413949922113e-05,17.000010723153665
1701944388841621607,-3.0860478155538695e-05,8.72545809446623e-05,17.000011068077345
1701944388843322582,-3.226790630199843e-05,8.134240273554104e-05,17.000011604537313
1701944388844798837,-3.351465580463783e-05,7.622578271376999e-05,17.000012081441287
1701944388845967697,-3.451661534634587e-05,7.218602550659704e-05,17.000012466608872
1701944388847289954,-3.5664916277094565e-05,6.762967121140678e-05,17.00001291005614
1701944388848768294,-3.696818737785134e-05,6.255132275290503e-05,17.00001341494038
1701944388850321052,-3.8361529938286315e-05,5.723054637896535e-05,17.000013954872
1701944388851564227,-3.949661625113005e-05,5.2978002792038004e-05,17.000014393625413
1701944388852912278,-4.074928966146103e-05,4.8369886340276284e-05,17.000014875596754
1701944388854762493,-4.250919582122381e-05,4.204574727066576e-05,17.000015547798082
1701944388855917289,-4.363240021546142e-05,3.8099152196906766e-05,17.00001597378168
1701944388857423787,-4.512756090427775e-05,3.2949672135620916e-05,17.000016538117535
1701944388859114516,-4.68438305563883e-05,2.7172721010021876e-05,17.00001718474385
1701944388860707018,-4.849497925253041e-05,2.173440181460823e-05,17.000017808827053
1701944388862241886,-5.011479009416152e-05,1.649832882152058e-05,17.000018425236348
1701944388863707438,-5.1684909054723995e-05,1.1504293825250475e-05,17.00001902706895
1701944388864975760,-5.306034196114203e-05,7.186539911184824e-06,17.00001955687516
1701944388866487746,-5.4719060647640544e-05,2.0403095024788613e-06,17.000020196975818
1701944388868064630,-5.6470411612658244e-05,-3.3277986195294247e-06,17.00002087210395
1701944388870212706,-5.8894293078940324e-05,-1.0648802731987573e-05,17.000021802386723
1701944388871772537,-1.6652308804337816e-12,-0.0003409383383123581,16.99999999999959
1701944388873600457,-6.426750811581273e-08,-0.00036383048318152045,17.000000015921838
1701944388875248032,-1.4319925734743832e-07,-0.00037497904368606003,17.000000035749622
1701944388876393164,-2.176556148855566e-07,-0.00038273462082838455,17.000000055052755
1701944388877814698,-3.325440293514144e-07,-0.00039236949138635483,17.000000086722498
1701944388879202876,-4.6788280112623764e-07,-0.00040178100912818284,17.000000127194998
1701944388880887622,-6.609800683596372e-07,-0.0004132055809347729,17.000000190041668
1701944388882181233,-8.295881933144701e-07,-0.0004219781493971911,17.00000024764457
1701944388883484274,-1.0165705592827207e-06,-0.0004308143353251762,17.00000031034832
1701944388884708680,-1.2077685732310606e-06,-0.0004391153970737609,17.000000367858327
1701944388885924831,-1.4126832382765952e-06,-0.0004473635096158926,17.000000415683118
1701944388887144597,-1.6331525437561393e-06,-0.000455640078731143,17.000000445032583
1701944388888605415,-1.916416539112027e-06,-0.000465559528461032,17.000000442873144
1701944388890707223,-2.358618771327476e-06,-0.00047984525210513653,17.000000347799883
1701944388893012513,-2.8848257439990315e-06,-0.0004955220358897345,17.000000100356583
1701944388894912305,-3.3418127492816904e-06,-0.0005084349014406293,16.999999773321164
1701944388896211899,-3.657926427697698e-06,-0.0005172555230047339,16.99999948048953
1701944388897398786,-3.9378481191574604e-06,-0.0005252917034084682,16.99999915896607
1701944388898522197,-4.18146172233064e-06,-0.0005328739378415483,16.999998800844697
1701944388899804432,-4.4112340922969365e-06,-0.0005414913234448516,16.99999831714384
1701944388901094306,-4.561566188223732e-06,-0.0005501163465659312,16.99999773469161
1701944388902338188,-4.597190798021105e-06,-0.0005583914467509012,16.999997062260178
1701944388903633336,-4.483113501303668e-06,-0.0005669567151880594,16.999996220901807
1701944388905011266,-4.1536402905470085e-06,-0.0005760051714044129,16.999995136089435
1701944388906369331,-3.5872048123140657e-06,-0.0005848455727462033,16.999993846006653
1701944388907643949,-2.818480897899506e-06,-0.000593051562281652,16.999992414904693
1701944388908963156,-1.7744987198760707e-06,-0.0006014340747754584,16.999990694754835
1701944388910261543,-5.070479035941597e-07,-0.0006095612438398471,16.999988759293416
1701944388911623474,1.0599865660153328e-06,-0.000617947548041423,16.99998647416863
1701944388913021233,2.8980688599088977e-06,-0.0006264138435495623,16.999983867746685
1701944388914126830,4.501354707963345e-06,-0.0006330183079711653,16.999981629900983
1701944388915519699,6.690578057215573e-06,-0.0006412466201563536,16.999978607941355
1701944388916924208,9.075207900836766e-06,-0.0006494637861741198,16.999975350985526
1701944388917906473,1.0841756579544298e-05,-0.0006551765450884173,16.99997295813113
1701944388919493653,1.3853303815283852e-05,-0.0006643770133252245,16.999968909731123
1701944388921028764,1.6937086751755364e-05,-0.0006732627094149763,16.99996478907524
1701944388922714500,2.0493359574316298e-05,-0.0006830290007026786,16.99996003687346
1701944388924161762,2.366665391927392e-05,-0.0006914384800024689,16.9999557641199
1701944388925449798,2.6563848206233897e-05,-0.0006989553180068137,16.9999518053252
1701944388926737260,2.950955970958828e-05,-0.0007065082854910938,16.99994769444918
1701944388928062469,3.2581503932418986e-05,-0.0007143331276412537,16.999943292913343
1701944388929437702,3.5809583695709424e-05,-0.0007225139827053872,16.999938531841142
1701944388931541686,4.08472644713123e-05,-0.0007351521895638633,16.99993084410452
1701944388932733142,4.376773040424277e-05,-0.0007423709504333061,16.999926267300633
1701944388934269956,4.764252435091145e-05,-0.0007517389087629318,16.999920115160545
1701944388935845063,5.177322632986373e-05,-0.0007613908453594489,16.999913515520376
1701944388937201001,5.547924430036563e-05,-0.0007697248782116536,16.99990759720862
1701944388938367990,5.8787255286486765e-05,-0.0007769074491124691,16.999902329795486
1701944388939771120,6.289914699892209e-05,-0.0007855450302448958,16.999895790296904
1701944388941081752,6.685016746905797e-05,-0.0007936124491739131,16.99988948303081
1701944388942595179,7.1502202501001e-05,-0.000802928349202715,16.99988196647105
1701944388943911551,7.558977831712533e-05,-0.000811031862546163,16.999875230679503
1701944388945224956,7.967118034350545e-05,-0.0008191208276972709,16.999868330564606
1701944388946655652,8.40843567946633e-05,-0.0008279385279150402,16.99986061788794
1701944388948218032,8.882962232514739e-05,-0.0008375805010155085,16.999851972046397
1701944388949590159,9.29124433379022e-05,-0.00084606610821067,16.99984419607641
1701944388951084575,9.725582238577046e-05,-0.0008553352407787594,16.999835545777486
1701944388952972079,0.00010258661957524358,-0.0008670938868456593,16.99982437327973
1701944388954916902,0.00010791161456239313,-0.0008792794344928568,16.999812602610998
1701944388956517328,0.00011218289871457111,-0.0008893700549303016,16.99980274161743
1701944388957757588,0.00011543741684903898,-0.0008972386420705567,16.99979500335388
1701944388959027124,0.00011873052810404683,-0.0009053465381837263,16.999787006154047
1701944388960504383,0.000122526737901612,-0.0009148603936290687,16.999777613278926
1701944388961693388,0.00012556285259546552,-0.000922586660013753,16.999769988748433
1701944388962961783,0.00012879307913164916,-0.0009308997736589348,16.999761794159514
1701944388964398908,0.00013245726949135517,-0.0009404049228930782,16.999752433698898
1701944388965947643,0.00013642966361451526,-0.0009507415350349727,16.99974225542959
1701944388967394492,0.00014017826423041516,-0.0009604778861440558,16.9997326571804
1701944388968655508,0.00014348146547467252,-0.0009690199113419975,16.99972421783587
1701944388970132253,0.00014739202435800857,-0.0009790858483106485,16.999714239632805
1701944388971815820,0.00015189119793897817,-0.000990636589865866,16.99970273623472
1701944388973529764,0.00015648906405142665,-0.0010024719257052841,16.99969088913507
1701944388974940891,0.00016025849409488448,-0.001012264160944536,16.99968104722036
1701944388976336897,0.0001639419742880003,-0.0010219873789032955,16.999671249975155
1701944388977621462,0.00016726461218948032,-0.0010309521948847413,16.999662205013454
1701944388978881787,0.00017044441162417467,-0.0010397536403629454,16.999653320448363
1701944388980109683,0.00017345835288273722,-0.001048326439001821,16.99964466338628
1701944388981614406,5.8192442889144075e-11,-0.0013637540214578307,17.000000000027597
1701944388983787708,-3.647775166507836e-07,-0.0013979756009079212,16.99999997432231
1701944388986220902,-9.93845619754294e-07,-0.0014205923632210785,16.99999990084437
1701944388987549268,-1.455048748906151e-06,-0.0014329436429211036,16.999999817341283
1701944388989051646,-2.057422858388898e-06,-0.0014469255489849696,16.99999966032813
1701944388990187745,-2.555995159076938e-06,-0.001457514257334022,16.99999948810109
1701944388991651687,-3.227282563951314e-06,-0.001471181121390035,16.999999193643998
1701944388992897292,-3.8056257978810226e-06,-0.0014828214894628408,16.999998882439108
1701944388994176575,-4.388693260614127e-06,-0.0014947845838944825,16.999998513142557
1701944388995579506,-4.999802983441504e-06,-0.001507900207001077,16.99999806147213
1701944388996946951,-5.558913252315489e-06,-0.001520674698557969,16.999997583154297
1701944388998541449,-6.165846662169254e-06,-0.0015355438571031403,16.999996985618314
1701944388999968421,-6.678659457636768e-06,-0.0015488289830388124,16.99999641674299
1701944389001266145,-7.13524343748882e-06,-0.0015608872501656637,16.999995873319172
1701944389002319262,-7.5097690595824725e-06,-0.0015706565206483937,16.999995417734834
1701944389003830299,-8.063990633378196e-06,-0.00158464065868604,16.999994756891127
1701944389005099429,-8.54099781983772e-06,-0.0015963515398593107,16.999994210515762
1701944389006628975,-9.105708114176003e-06,-0.001610400630676627,16.999993587054558
1701944389007871473,-9.53216367879184e-06,-0.0016217568709386806,16.999993120538456
1701944389009188627,-9.921895310399325e-06,-0.0016337438048340293,16.999992670403394
1701944389010287769,-1.0178734487830343e-05,-0.001643709621911368,16.999992327326368
1701944389011631387,-1.0387628926747101e-05,-0.001655860523885625,16.999991937354448
1701944389013083568,-1.0469700944176612e-05,-0.001668959416548129,16.999991537133862
1701944389015024930,-1.0336556702643864e-05,-0.0016864332485128043,16.999991011909156
1701944389016693114,-1.0002357678173097e-05,-0.0017014124271167682,16.999990557953502
1701944389018378444,-9.470314854086722e-06,-0.0017165123195728388,16.999990095109943
1701944389020337353,-8.632304641587687e-06,-0.001734024653943718,16.999989565662126
1701944389021571984,-7.998634043095333e-06,-0.001745047442262003,16.999989248782548
1701944389022819413,-7.296442030423164e-06,-0.0017561888854402915,16.999988959357253
1701944389024028952,-6.579411518677542e-06,-0.0017670052977042338,16.999988726408994
1701944389025526249,-5.682793431476107e-06,-0.0017804383481464152,16.99998853084736
1701944389026690811,-5.007104663682276e-06,-0.0017909309330252307,16.999988466517586
1701944389027978070,-4.317788641636664e-06,-0.0018025900906600142,16.99998850252465
1701944389029255101,-3.7233463775024565e-06,-0.0018142189802634546,16.999988661119378
1701944389030895715,-3.125399551177247e-06,-0.0018292505341489522,16.999989053729077
1701944389032329457,-2.7715105964221896e-06,-0.00184246417307968,16.99998956972564
1701944389033656047,-2.5880787945114366e-06,-0.0018547416585076542,16.99999018212935
1701944389034940126,-2.5359409838105803e-06,-0.0018666644469971315,16.99999088463077
1701944389036238132,-2.594383785766272e-06,-0.0018787448751585657,16.99999168671617
1701944389037667101,-2.7647286923457325e-06,-0.0018920688200343293,16.999992655000028
1701944389039010364,-3.0021644165185247e-06,-0.0019046112764694305,16.999993629523182
1701944389040284872,-3.2736676450277525e-06,-0.0019165195786355195,16.999994599823406
1701944389041538874,-3.5643004522185216e-06,-0.0019282339772756373,16.999995591325522
1701944389042877432,-3.881877091004748e-06,-0.0019407240155271236,16.999996687103945
1701944389044449399,-4.249282947362795e-06,-0.0019553651355506893,16.999998022920618
1701944389046045770,-4.611935549375947e-06,-0.001970201008677531,16.999999433764426
1701944389047749956,-4.995831111273832e-06,-0.001986004651554743,17.00000099972791
1701944389049118759,-5.314964914022725e-06,-0.0019986804801720662,17.000002302275558
1701944389050410903,-5.64202786121724e-06,-0.0020106439867418114,17.00000357025067
1701944389051720145,-6.018302587594664e-06,-0.002022770458774189,17.000004897187452
1701944389053335100,-6.5742259036397895e-06,-0.002037748281873784,17.000006604052018
1701944389054703131,-7.145098951462272e-06,-0.002050453198845835,17.000008121096638
1701944389055943408,-7.75634059014679e-06,-0.0020619838920279986,17.000009562937837
1701944389057164918,-8.452075145107056e-06,-0.0020733478648246855,17.000011052076573
1701944389058620507,-9.400387393751177e-06,-0.002086896358717635,17.000012920556944
1701944389059806967,-1.0260904094740987e-05,-0.0020979437461672583,17.000014517696854
1701944389061059475,-1.123868151207437e-05,-0.0021096026846012116,17.000016268105682
1701944389062182723,-1.2161620305664848e-05,-0.0021200542768588975,17.000017884892912
1701944389064106473,-1.3804852477332508e-05,-0.0021379331464783046,17.000020725635117
1701944389065250644,-1.4806740913216244e-05,-0.0021485472318935796,17.000022445836272
1701944389066986121,-1.6339633119925844e-05,-0.002164606838757309,17.000025075526814
1701944389068215872,-1.743039642012183e-05,-0.0021759546462257182,17.00002694736338
1701944389069613075,-1.8674363618496388e-05,-0.0021888139483124125,17.00002908003911
1701944389070846402,-1.9781882412121782e-05,-0.002200139136301086,17.000030971313013
1701944389071992891,-2.0827433780268902e-05,-0.0022106489565038574,17.000032743228207
1701944389073509376,-2.225079780095443e-05,-0.002224530168503708,17.0000351212636
1701944389075656588,-2.4378656031039794e-05,-0.0022441553347744884,17.000038581575293
1701944389077029238,-2.5824190378648778e-05,-0.0022566882356094536,17.000040862588886
1701944389079042352,-2.809405686150824e-05,-0.00227506135797103,17.000044324860927
1701944389080405611,-2.974180511619667e-05,-0.0022874989601894447,17.000046754138804
1701944389081640858,4.4002962220273745e-11,-0.0017045740751212486,16.99999999994106
1701944389082716842,-1.380698219339968e-07,-0.001712446557169328,17.00000010498412
1701944389084155210,-3.6127829200223306e-07,-0.001717343672865534,17.000000275609874
1701944389086003591,-7.896889637970029e-07,-0.0017236362938006626,17.00000060756398
1701944389088001216,-1.4079894088776212e-06,-0.0017304424627092225,17.000001095999185
1701944389089274363,-1.8722147794542631e-06,-0.00173478419887155,17.000001469098486
1701944389090535993,-2.372233531780415e-06,-0.0017390885491844876,17.000001877167833
1701944389091747667,-2.8792339904129804e-06,-0.0017432226049302097,17.00000229835567
1701944389093414526,-3.6013974607041275e-06,-0.0017488972775490817,17.000002915708
1701944389094832527,-4.227334539150839e-06,-0.0017537069809892931,17.000003472234013
1701944389096055679,-4.7704309108328974e-06,-0.0017578386922461732,17.00000397517978
1701944389097173920,-5.270274081093511e-06,-0.0017615982351566507,17.000004455003907
1701944389098303385,-5.785940994907923e-06,-0.0017653785589256405,17.00000496250273
1701944389099648628,-6.431606961437007e-06,-0.0017698616036608415,17.00000560341563
1701944389101274270,-7.284750229040143e-06,-0.0017752526886036255,17.00000644027707
1701944389103194782,-8.428314978686164e-06,-0.001781591107860869,17.00000752848201
1701944389104552441,-9.33701054370253e-06,-0.0017860545415227334,17.00000836653014
1701944389106573001,-1.0845984569321783e-05,-0.0017926730052514354,17.000009717880523
1701944389108546273,-1.2484824718830235e-05,-0.001799111849435627,17.00001114995721
1701944389109879683,-1.3668822440022768e-05,-0.0018034514202562373,17.000012174149614
1701944389111360937,-1.5032163079096886e-05,-0.0018082620394339031,17.000013356629324
1701944389112922868,-1.650069832894408e-05,-0.0018133232947309236,17.00001464635027
1701944389113983508,-1.750599283934207e-05,-0.0018167533466408735,17.000015543323716
1701944389115334930,-1.8788132534938625e-05,-0.0018211177225631449,17.000016706518956
1701944389116901587,-2.027320086041794e-05,-0.001826167110299097,17.00001807841033
1701944389117966404,-2.128381863196581e-05,-0.0018295935969126892,17.000019023911005
1701944389119490935,-2.274148890597333e-05,-0.0018344924205425585,17.00002039676496
1701944389120872847,-2.4082932993987262e-05,-0.0018389267269535098,17.000021664795234
1701944389122145667,-2.5344873543089636e-05,-0.0018430073742824668,17.000022859392402
1701944389123548017,-2.6774482145961422e-05,-0.0018475013532936555,17.000024214431754
1701944389124939572,-2.8242239078850462e-05,-0.0018519627553729872,17.0000256076202
1701944389126244423,-2.9668637272448863e-05,-0.001856149978428817,17.00002696236165
1701944389127387733,-3.096227384818335e-05,-0.0018598253245346644,17.000028189591806
1701944389128700587,-3.249914185753317e-05,-0.0018640506902198515,17.000029642585012
1701944389130161714,-3.4272754481488685e-05,-0.0018687579821233947,17.000031310558928
1701944389131495249,-3.594291251326245e-05,-0.0018730518334880931,17.000032873868175
1701944389132604665,-3.736230860248636e-05,-0.0018766182732727775,17.00003420049107
1701944389133919472,-3.906704198404422e-05,-0.0018808337074536247,17.000035799034634
1701944389135498646,-4.11295488968705e-05,-0.0018858762139760308,17.00003775151659
1701944389137099478,-4.322237574090269e-05,-0.0018909637004150479,17.00003976238472
1701944389139042199,-4.575388713010557e-05,-0.0018971101661579962,17.000042241351018
1701944389140840467,-4.8088502408292585e-05,-0.0019027799024629972,17.00004457216198
1701944389142259923,-4.992954729677569e-05,-0.0019072460238348467,17.000046436427883
1701944389143511151,-5.155838100959971e-05,-0.0019111809267580953,17.000048099984287
1701944389144894825,-5.337665969678614e-05,-0.0019155338960910324,17.00004996590969
1701944389146221125,-5.5146940903018533e-05,-0.0019197100223175452,17.000051785355208
1701944389147823068,-5.733626233308305e-05,-0.0019247620354496846,17.000054031935154
1701944389149113396,-5.914873702127806e-05,-0.0019288390031706579,17.000055886136135
1701944389150545195,-6.121694043746718e-05,-0.0019333713696860165,17.00005799547805
1701944389151939494,-6.328917290834561e-05,-0.0019377941291319357,17.000060104427476
1701944389153217172,-6.523466596030495e-05,-0.0019418548947119955,17.000062083894562
1701944389154506978,-6.723668881369588e-05,-0.00194596220666232,17.00006412464761
1701944389155760991,-6.921166165264928e-05,-0.0019499632973157823,17.000066145104533
1701944389156976777,-7.114526506450538e-05,-0.001953848320419599,17.000068132633825
1701944389158257334,-7.319517933575568e-05,-0.0019579453578794925,17.000070251585942
1701944389159711518,-7.55332600006133e-05,-0.001962601089604403,17.000072684885428
1701944389160964958,-7.755377945980168e-05,-0.0019666130090886373,17.000074802906315
1701944389162190799,-7.953427861366419e-05,-0.0019705344062065275,17.000076893718006
1701944389163601313,-8.181952655262852e-05,-0.001975040321047097,17.000079325434463
1701944389164840594,-8.383613004297776e-05,-0.001978993205336471,17.00008148834944
1701944389166064355,-8.583943794693734e-05,-0.0019828901508415838,17.000083651133856
1701944389167373519,-8.800252674080354e-05,-0.0019870545439169083,17.000085997839566
1701944389169517333,-9.160555539640094e-05,-0.0019938688304569708,17.000089917534357
1701944389171373592,-9.479900177811316e-05,-0.001999770625540613,17.000093390632014
1701944389172773433,-9.725949092264894e-05,-0.002004226801999568,17.00009605927647
1701944389173996726,-2.8199204540999175e-11,-0.002386450463107239,17.00000000001608
1701944389175278860,-7.962808987645926e-08,-0.0024049660958380013,17.000000070595355
1701944389176613925,-1.8611676385089704e-07,-0.002414845225159108,17.000000165789256
1701944389177911385,-3.292744864398484e-07,-0.0024244569505502992,17.000000296285794
1701944389179240534,-5.117203924982874e-07,-0.0024343112683757784,17.0000004673795
1701944389180503690,-7.135458414976783e-07,-0.0024436796051303133,17.00000066278853
1701944389181839158,-9.512088981979337e-07,-0.0024535844119261585,17.000000900699966
1701944389183409545,-1.2554090330951103e-06,-0.00246522145436724,17.000001216375363
1701944389184823837,-1.548042289772907e-06,-0.002475692275366537,17.000001530200425
1701944389186017583,-1.8077579644429443e-06,-0.002484521142084322,17.000001815010133
1701944389187388713,-2.123082945874653e-06,-0.0024946515855686436,17.00000216428124
1701944389188564436,-2.4123163527776595e-06,-0.002503331436679767,17.000002483674123
1701944389189750017,-2.7269496993886662e-06,-0.002512075657377136,17.000002826101966
1701944389190980497,-3.0827060275521584e-06,-0.0025211473780181403,17.000003205102
1701944389192352570,-3.51726697908555e-06,-0.0025312587144582593,17.000003656733913
1701944389193592814,-3.943880051269416e-06,-0.0025403947153277108,17.000004089981157
1701944389195011404,-4.466791928024035e-06,-0.0025508390540588083,17.00000461076553
1701944389196247106,-4.947364592392085e-06,-0.002559930673683548,17.000005082886933
1701944389197467205,-5.438791805969729e-06,-0.002568898227918138,17.000005563252703
1701944389199021453,-6.082096388326552e-06,-0.0025803065779026776,17.000006194668675
1701944389200938735,-6.8962646636375005e-06,-0.002594349785162777,17.000007005295128
1701944389203216122,-7.890190934751122e-06,-0.0026109824483188555,17.0000080171079
1701944389204781946,-8.591603301296093e-06,-0.0026223907492353917,17.00000874480816
1701944389206222064,-9.25236870820288e-06,-0.0026328669186822745,17.000009437039473
1701944389207555209,-9.880852829049478e-06,-0.002642560646213592,17.00001009742131
1701944389208902098,-1.053536623274453e-05,-0.0026523564502761035,17.000010783959087
1701944389210355573,-1.1266249585988475e-05,-0.0026629390574324755,17.000011548210026
1701944389211412904,-1.1814531783023016e-05,-0.002670648517356735,17.000012120725913
1701944389212814725,-1.2562947412790382e-05,-0.0026808840360606524,17.000012903281142
1701944389214158324,-1.330377886429076e-05,-0.002690706170177729,17.000013679800052
1701944389215655436,-1.4159186269146349e-05,-0.0027016609413678307,17.00001457712928
1701944389217071011,-1.5001242039709419e-05,-0.002712025516152064,17.00001545788893
1701944389218682191,-1.600443813447451e-05,-0.002723821785786118,17.00001649957744
1701944389219928946,-1.681572624080766e-05,-0.0027329476327591176,17.00001733486875
1701944389221216600,-1.7685459441572143e-05,-0.0027423717064076324,17.000018224411203
1701944389222544639,-1.8612447370630203e-05,-0.0027520888117176096,17.000019169302657
1701944389223674699,-1.942064837029105e-05,-0.0027603568683212433,17.000019994100416
1701944389224965208,-2.035869040212926e-05,-0.00276979650112502,17.000020956820315
1701944389226340267,-2.137115734281456e-05,-0.002779856851291376,17.00002200413719
1701944389227688538,-2.2374560979432205e-05,-0.002789719949771777,17.000023048293315
1701944389229381979,-2.365175564765347e-05,-0.0028021077873204457,17.000024378934686
1701944389230939068,-2.4845679663256973e-05,-0.002813496799910034,17.00002561890484
1701944389232554585,-2.610633869586097e-05,-0.0028253118559098817,17.000026922345203
1701944389234009250,-2.7260076129457566e-05,-0.002835949661189394,17.00002811279735
1701944389235128851,-2.8158867104048662e-05,-0.002844138370809158,17.000029041917635
1701944389236804168,-2.951898734935183e-05,-0.0028563951787107444,17.000030456958537
1701944389237942676,-3.0453818311886278e-05,-0.0028647275743178325,17.000031436935554
1701944389239501447,-3.175129824068419e-05,-0.0028761440581806675,17.000032804751076
1701944389240616943,-3.2695098250291554e-05,-0.0028843213243349443,17.000033802328293
1701944389242094891,-3.3970024946452234e-05,-0.002895166277707972,17.00003514727212
1701944389243593427,-3.529454055787853e-05,-0.0029061766070086342,17.00003653713561
1701944389245030152,-3.659644549939886e-05,-0.0029167486089166006,17.000037894428775
1701944389246937563,-3.83734456950561e-05,-0.0029308074175737374,17.000039734901215
1701944389248144297,-3.9525557579035174e-05,-0.0029397160654093947,17.000040922731284
1701944389249684405,-4.102381368147289e-05,-0.0029510943081706748,17.000042464433303
1701944389250834766,-4.216159184978655e-05,-0.0029595996157074735,17.000043634298926
1701944389252217703,-4.3547509759793515e-05,-0.0029698281944166654,17.00004505931041
1701944389253866774,-4.522233372373647e-05,-0.002982024024199767,17.000046782021002
1701944389255246310,-4.664090785734737e-05,-0.0029922291357065904,17.000048241986107
1701944389256499139,-4.7941641593389664e-05,-0.003001494372775643,17.000049581282628
1701944389257852172,-4.936047117577069e-05,-0.003011501981805468,17.000051042077214
1701944389259109038,-5.069253992880119e-05,-0.0030207986246428287,17.000052412226257
1701944389260639885,-5.2336013451131575e-05,-0.0030321208376872444,17.000054098982137
1701944389262548383,-5.442236942161766e-05,-0.0030462360474933694,17.000056232627365
1701944389264149563,-8.856132420833641e-12,-0.002045513002925284,17.00000000001014
1701944389265834938,-7.206074275296608e-08,-0.002033088921600798,17.00000005926324
1701944389267228960,-1.4705136892092767e-07,-0.0020278233112195243,17.000000120664048
1701944389268615058,-2.5011079304851193e-07,-0.0020225892667429875,17.00000020378263
1701944389270201225,-4.050024765736809e-07,-0.002016602885271058,17.000000325117195
1701944389271629427,-5.792655452296537e-07,-0.0020112141366565132,17.00000045719863
1701944389272975920,-7.735130497981277e-07,-0.00200613087090284,17.000000600699064
1701944389274757162,-1.0720264617115543e-06,-0.0019993963101037375,17.000000818638842
1701944389276020739,-1.309642872792838e-06,-0.001994607213207709,17.000000993316526
1701944389277126515,-1.5320696982999328e-06,-0.001990405512622593,17.00000116076333
1701944389278599116,-1.8447352978592985e-06,-0.0019847927720829076,17.000001406422395
1701944389279716374,-2.0930218149804447e-06,-0.001980520037115891,17.000001611021275
1701944389280976329,-2.3842220430236542e-06,-0.001975691587534892,17.000001861331302
1701944389282256192,-2.6935129405060243e-06,-0.001970777062900103,17.00000213710391
1701944389284122614,-3.1716792777497277e-06,-0.001963599200848371,17.00000257690964
1701944389285482292,-3.541171890049588e-06,-0.0019583657050555757,17.000002924212488
1701944389286922386,-3.95208453865338e-06,-0.0019528198457862637,17.000003315496688
1701944389288135507,-4.313352570439784e-06,-0.0019481448828184231,17.00000366337496
1701944389289497118,-4.734512935472503e-06,-0.0019428919793729501,17.000004073554127
1701944389290890155,-5.18228224899493e-06,-0.0019375099157140222,17.000004514408104
1701944389292882298,-5.853454076443488e-06,-0.0019297994850580977,17.00000518030577
1701944389294758164,-6.52077154838055e-06,-0.0019225244717906932,17.00000584377692
1701944389296118446,-7.027233037074998e-06,-0.00191724219966265,17.000006346375056
1701944389297530775,-7.573499455683809e-06,-0.0019117553046183431,17.000006887785858
1701944389298874332,-8.112350307916865e-06,-0.0019065349849321958,17.00000742284335
1701944389300130608,-8.63314817185785e-06,-0.0019016524295799638,17.000007942683663
1701944389301496320,-9.2184353811681e-06,-0.001896340619318718,17.00000853104016
1701944389303379554,-1.006027856818365e-05,-0.001889003112496729,17.00000938328265
1701944389304925236,-1.078315882534737e-05,-0.001882967385333477,17.00001011764419
1701944389306198383,-1.1401816881759311e-05,-0.0018779864963198827,17.00001074543625
1701944389307600843,-1.2109415313705439e-05,-0.0018724927808210783,17.000011460812406
1701944389309014363,-1.2851965449947133e-05,-0.0018669510575856016,17.00001220797873
1701944389310461013,-1.364308499546588e-05,-0.0018612786801684947,17.000013000301166
1701944389311702616,-1.4346497932977698e-05,-0.0018564113251351652,17.000013701765702
1701944389313187326,-1.521409243442296e-05,-0.0018505934726436937,17.000014562937643
1701944389314480437,-1.5989933156064158e-05,-0.00184552689317965,17.000015329325155
1701944389315944715,-1.6886085570452492e-05,-0.0018397904473348796,17.00001621104762
1701944389317681033,-1.7968234259479692e-05,-0.0018329860549737922,17.00001727350472
1701944389318960930,-1.877790109416988e-05,-0.001827970287244998,17.00001806897125
1701944389320485222,-1.97570549492615e-05,-0.0018219980948097712,17.000019033936745
1701944389322149924,-2.084995585014213e-05,-0.0018154792580173816,17.000020115395856
1701944389324353173,-2.2343291777141533e-05,-0.0018068635728260907,17.00002159884165
1701944389326251562,-2.3677878181980708e-05,-0.0017994512869155459,17.00002292879491
1701944389327693157,-2.4722088748980212e-05,-0.001793827847595729,17.000023972044534
1701944389328870116,-2.5593505716723835e-05,-0.001789240581013851,17.000024844671344
1701944389330157171,-2.6565507497273983e-05,-0.0017842251962374557,17.00002581986797
1701944389331418656,-2.7536707802594566e-05,-0.0017793116099900376,17.000026795216833
1701944389332887617,-2.869019860023444e-05,-0.0017735907640835024,17.000027953277566
1701944389334183196,-2.9727087959071354e-05,-0.0017685441814177887,17.000028992804054
1701944389335600987,-3.0882338075647494e-05,-0.001763017955868975,17.000030148046385
1701944389337026480,-3.206565787733479e-05,-0.0017574563739492144,17.000031327052888
1701944389338248639,-3.309802102401399e-05,-0.0017526828741255506,17.00003235195243
1701944389339653584,-3.4304581328316094e-05,-0.0017471905646590268,17.00003354705386
1701944389340951026,-3.543602795491032e-05,-0.0017421141867092558,17.000034668040943
1701944389342194692,-3.65330700193778e-05,-0.001737246291979465,17.000035758829313
1701944389343614222,-3.779602157895719e-05,-0.0017316904360875963,17.000037023471034
1701944389344774835,-3.88353632577375e-05,-0.0017271490232785476,17.000038073082514
1701944389346063089,-3.99969780924064e-05,-0.0017221069275167981,17.000039255455842
1701944389347464274,-4.1272600821358215e-05,-0.0017166244361142434,17.000040561689673
1701944389348825900,-4.2529569474437156e-05,-0.0017112977486933548,17.00004185110664
1701944389350064993,-4.3693020575161844e-05,-0.0017064502974530342,17.00004304108371
1701944389351347880,-4.4921256783760995e-05,-0.0017014289758233575,17.000044289064483
1701944389352689098,-4.623270491656083e-05,-0.0016961750974127583,17.000045610328335
1701944389355043306,-4.8600904200404047e-05,-0.0016869347231261832,17.00004797158518
1701944389356836923,-5.045734684381686e-05,-0.001679879419181793,17.000049807407926
1701944389358086404,-5.177426836994165e-05,-0.0016749569866790887,17.000051105962992
1701944389359134632,-5.289301061404807e-05,-0.0016708213015837687,17.000052208548432
1701944389360794668,-5.4688656331939334e-05,-0.0016642621765421753,17.000053978566026
1701944389361968628,-5.5975522259916823e-05,-0.0016596173175014927,17.000055247432886
1701944389363228145,-5.7371881571041024e-05,-0.0016546265460065726,17.000056624700342
1701944389364419860,-5.870731898149733e-05,-0.0016498992641081896,17.0000579425216
1701944389365679401,-6.0132749031686095e-05,-0.0016448997202723175,17.000059350328105
1701944389366948942,-6.158261372751374e-05,-0.001639857945944639,17.00006078426258
1701944389368291974,-6.312927021249944e-05,-0.0016345185917461891,17.000062316986217
1701944389369536076,-6.457225973194199e-05,-0.0016295650076802815,17.000063750105685
1701944389370927320,-6.619619192494019e-05,-0.0016240166254052242,17.00006536589444
1701944389372037210,-7.13696463039426e-12,-0.0017045735815672848,17.000000000006374
1701944389373444968,-2.18627985537445e-08,-0.0016965974401903117,17.00000002304251
1701944389374809343,-5.354280193389784e-08,-0.0016922596878579394,17.000000055561284
1701944389375909285,-9.184808998296009e-08,-0.001688755577724669,17.000000093588714
1701944389377354747,-1.627004224848843e-07,-0.0016841468033894696,17.00000016197844
1701944389378481275,-2.351942682889684e-07,-0.0016805547177070165,17.0000002306517
1701944389379789024,-3.384649461822454e-07,-0.001676387424891574,17.000000327195632
1701944389381237561,-4.758386432857684e-07,-0.001671776235326829,17.0000004537546
1701944389382502755,-6.147030594642702e-07,-0.0016677514177461045,17.00000057928371
1701944389384140336,-8.193923080707453e-07,-0.0016625463600838755,17.000000759092494
1701944389385994960,-1.0841541927614295e-06,-0.001656654883495026,17.000000983785505
1701944389387714352,-1.35989624441037e-06,-0.0016511958906927223,17.00000121200911
1701944389389085119,-1.6000595277829297e-06,-0.001646845459095303,17.000001409260978
1701944389390189161,-1.8065015247104656e-06,-0.0016433406379607436,17.000001579671288
1701944389391554041,-2.0777976551541976e-06,-0.0016390050988753062,17.000001806411348
1701944389393145080,-2.4167814652880364e-06,-0.0016339446961158642,17.000002094257738
1701944389394532756,-2.732925832237962e-06,-0.0016295225881945395,17.000002366200484
1701944389395699606,-3.014261531300713e-06,-0.0016257961702381219,17.00000260978942
1701944389397044145,-3.3574636011546145e-06,-0.0016214910563685753,17.000002907118194
1701944389398521206,-3.7595634682665354e-06,-0.00161674804381669,17.00000325380156
1701944389400003367,-4.1902977621464305e-06,-0.0016119735212372225,17.0000036220053
1701944389401251335,-4.573261988861717e-06,-0.0016079442183596399,17.000003946318618
1701944389402685074,-5.033607079306127e-06,-0.0016033075718412393,17.000004332009834
1701944389404365894,-5.5970120180200875e-06,-0.0015978704721490364,17.000004796948147
1701944389405541479,-6.004948483477327e-06,-0.0015940692416958613,17.00000512795519
1701944389406918635,-6.497018293752062e-06,-0.0015896223857201934,17.000005519493044
1701944389408065880,-6.919789525526497e-06,-0.0015859228369063648,17.000005848429144
1701944389409305856,-7.391895092871606e-06,-0.0015819277678118498,17.000006207870292
1701944389410449063,-7.842361622492625e-06,-0.0015782454804298136,17.000006545271216
1701944389411733088,-8.36594841276468e-06,-0.0015741076435196288,17.0000069357589
1701944389412970151,-8.887061871507642e-06,-0.001570118629474711,17.000007328216395
1701944389414367912,-9.494598236625904e-06,-0.0015656061068728578,17.0000077963659
1701944389415888201,-1.0177320844408085e-05,-0.0015606934068920606,17.00000833903409
1701944389417936043,-1.1133522895100357e-05,-0.0015540729346561616,17.000009126905603
1701944389419666094,-1.1974583078491862e-05,-0.0015484808143579028,17.00000984177343
1701944389421284684,-1.2788476483706785e-05,-0.001543253922259487,17.000010547699592
1701944389422338776,-1.3331349633622948e-05,-0.0015398547041398484,17.000011024336565
1701944389423486705,-1.3931926502335023e-05,-0.0015361571541609982,17.000011556027697
1701944389425011430,-1.4741030437682441e-05,-0.0015312515721441608,17.000012279241922
1701944389426338729,-1.545405569941647e-05,-0.0015269830365606623,17.0000129227075
1701944389427328887,-1.59907628104062e-05,-0.0015237978548247092,17.00001341016387
1701944389428816546,-1.6805463176537213e-05,-0.001519008351139389,17.00001415311905
1701944389430303886,-1.7631217252433363e-05,-0.001514215666456755,17.000014907869204
1701944389431845629,-1.8501599763665938e-05,-0.0015092428623733507,17.00001570308909
1701944389433182672,-1.9270789966527817e-05,-0.0015049277594178347,17.000016403647876
1701944389434342038,-1.995121731495122e-05,-0.0015011838795525407,17.000017019774052
1701944389435645884,-2.0733988367481814e-05,-0.0014969718278344862,17.000017722430258
1701944389436895769,-2.15033990178724e-05,-0.0014929307124996393,17.000018406192687
1701944389438343671,-2.241728775361392e-05,-0.001488247424844398,17.00001921095477
1701944389439849643,-2.3391939780461655e-05,-0.0014833748957257258,17.000020063491196
1701944389441267021,-2.4330534793704237e-05,-0.0014787879384589515,17.00002088180646
1701944389442542627,-2.519211921983072e-05,-0.0014746606120106661,17.000021632487375
1701944389443836348,-2.60818492869345e-05,-0.0014704757168453823,17.000022408716365
1701944389445506394,-2.7251626702400933e-05,-0.0014650796637855408,17.000023434000465
1701944389447440593,-2.863306994727417e-05,-0.0014588385547884377,17.000024657499388
1701944389448749463,-2.958163738917751e-05,-0.0014546217150049545,17.00002550893165
1701944389450296210,-3.071405516999476e-05,-0.0014496456283410923,17.000026540837254
1701944389451825149,-3.1844657750656616e-05,-0.0014447317194394623,17.000027588128837
1701944389453506000,-3.3100341539597214e-05,-0.0014393324778429887,17.000028768560878
1701944389455160574,-3.4350329460874463e-05,-0.0014340162939851036,17.00002995766204
1701944389456489553,-3.536475765585239e-05,-0.001429743159710894,17.000030930155756
1701944389457937459,-3.648086096471268e-05,-0.0014250819911196728,17.00003200524199
1701944389459182271,-3.744951368523612e-05,-0.0014210688168284948,17.000032941316608
1701944389460510881,-3.849281221946544e-05,-0.0014167773111896898,17.00003395190756
1701944389461758123,-3.948085437275885e-05,-0.0014127404650308704,17.00003491096901
1701944389462999336,-4.0472906410662864e-05,-0.0014087137102597122,17.000035875318368
1701944389464557449,-4.1732108814847676e-05,-0.001403646166808047,17.00003709933893
1701944389466217959,-4.3094116536948404e-05,-0.0013982311144653183,17.000038419894565
1701944389467711199,-4.43392216864428e-05,-0.0013933518160661638,17.000039621167684
1701944389469237769,-4.563415152451738e-05,-0.0013883565968778352,17.0000408629807
1701944389470731369,-6.0387869496038825e-12,-0.0010228159787149223,17.000000000001773
1701944389472292417,-4.467471190959138e-08,-0.0010017090876385199,17.000000029682976
1701944389473784791,-9.825773308881817e-08,-0.000991393614875713,17.000000066151195
1701944389475148547,-1.64175523878105e-07,-0.000981964390748062,17.000000113047196
1701944389476851321,-2.6825107693162403e-07,-0.0009701871014036804,17.00000019165228
1701944389478781892,-4.1518997325837963e-07,-0.0009568259313156092,17.00000031080287
1701944389480628715,-5.842041426206668e-07,-0.0009440367441253005,17.000000457614856
1701944389481965759,-7.232994785561373e-07,-0.0009347723131536359,17.000000585207633
1701944389483551979,-9.049121648428221e-07,-0.0009237776631019299,17.000000760564642
1701944389484737827,-1.0514219024464586e-06,-0.0009155564986719001,17.000000908772392
1701944389486713556,-1.3140313473752112e-06,-0.0009018608125253487,17.000001187487214
1701944389488015183,-1.499464000348788e-06,-0.0008928405667155848,17.000001391921106
1701944389489539636,-1.7297830032609262e-06,-0.0008822769482816944,17.00000165039222
1701944389490923539,-1.951975090695133e-06,-0.0008726872460751686,17.00000190127417
1701944389492258146,-2.1788666014874165e-06,-0.0008634415896296835,17.000002156782056
1701944389494564775,-2.602372094470467e-06,-0.0008474624344825821,17.00000262786571
1701944389496010278,-2.8885715043375216e-06,-0.0008374523933268095,17.000002940388743
1701944389497417699,-3.1828158212301803e-06,-0.0008277112799383476,17.00000325469903
1701944389499254018,-3.5894380545990485e-06,-0.0008150113935477571,17.00000367628611
1701944389500575335,-3.897506327982012e-06,-0.0008058814270740576,17.00000398740067
1701944389501861499,-4.209292384588776e-06,-0.0007970010578931594,17.000004298242132
1701944389503145323,-4.531360117425377e-06,-0.0007881459754464165,17.000004619278645
1701944389504361832,-4.845607512990349e-06,-0.0007797589064322608,17.000004936418083
1701944389505597218,-5.172104174085899e-06,-0.0007712481940671384,17.000005273307938
1701944389507176016,-5.598019122855992e-06,-0.0007603746090740721,17.00000572668474
1701944389508830661,-6.053354605272224e-06,-0.0007489813046012573,17.000006228160203
1701944389510244972,-6.449900132337549e-06,-0.0007392415051944438,17.0000066765356
1701944389511842583,-6.906591047332833e-06,-0.0007282416064841166,17.000007202301944
1701944389513306046,-7.334005603452826e-06,-0.0007181612019132348,17.000007700009046
1701944389514478460,-7.682984644517909e-06,-0.0007100861711814541,17.00000810792653
1701944389515692428,-8.05111040032771e-06,-0.0007017230002602058,17.000008537112496
1701944389517136758,-8.49841616842391e-06,-0.0006917734881226023,17.000009054369215
1701944389518247140,-8.849147265482768e-06,-0.0006841262492342693,17.000009455881635
1701944389520199510,-9.479374228799337e-06,-0.0006706852226667548,17.000010169175013
1701944389521541178,-9.921903354160408e-06,-0.0006614547351606329,17.000010665304995
1701944389522872612,-1.0368759490929853e-05,-0.0006522972897587654,17.000011164376083
1701944389524310787,-1.086120832187832e-05,-0.0006424101084247289,17.000011713733773
1701944389525392037,-1.123967024483581e-05,-0.0006349777759424093,17.000012135822807
1701944389526836331,-1.1759106797009921e-05,-0.0006250493957658342,17.00001271488173
1701944389528118822,-1.2234947618672432e-05,-0.0006162329637520415,17.00001324536113
1701944389529315683,-1.2691592554103354e-05,-0.0006080034195207087,17.000013755235088
1701944389530588558,-1.3190075793718397e-05,-0.000599248422988959,17.00001431332787
1701944389531788436,-1.3671942283651033e-05,-0.0005909940893638059,17.00001485382288
1701944389533172717,-1.4243359318548469e-05,-0.0005814671837657545,17.00001549406469
1701944389534220031,-1.4687442195038358e-05,-0.0005742575952816851,17.00001598963855
1701944389535902968,-1.54230655019032e-05,-0.0005626738785148384,17.000016803512402
1701944389537349182,-1.6076534442902074e-05,-0.0005527237453245236,17.000017517608125
1701944389539133830,-1.690846308353089e-05,-0.0005404554531550015,17.00001841276204
1701944389540739012,-1.7679971692495466e-05,-0.0005294305396649465,17.000019227803957
1701944389542552584,-1.857842886215635e-05,-0.0005169887743237777,17.000020156514783
1701944389543796746,-1.921276508765378e-05,-0.0005084587502205816,17.000020797895584
1701944389545112691,-1.990115361820851e-05,-0.0004994433990083582,17.000021480078082
1701944389546435254,-2.0611918895385356e-05,-0.0004903842006865188,17.000022171348864
1701944389548086332,-2.1523419047429644e-05,-0.0004790787827073841,17.000023045770014
1701944389549389498,-2.2258939723243556e-05,-0.0004701555525698348,17.000023748332257
1701944389550705860,-2.3012117870659304e-05,-0.00046114184837020247,17.000024472571646
1701944389551995026,-2.3756349786123525e-05,-0.00045231308884743324,17.00002519831533
1701944389553111966,-2.440493285922656e-05,-0.00044466179893037813,17.000025840901934
1701944389554790548,-2.5385822595281325e-05,-0.0004331604494218042,17.00002682921757
1701944389556029529,-2.6115823053567666e-05,-0.000424666322611903,17.000027574717983
1701944389557139635,-2.6775666670107977e-05,-0.000417053868196754,17.000028252403357
1701944389558445815,-2.7561651972726758e-05,-0.0004080942323787107,17.000029060100843
1701944389559835822,-2.841218917622671e-05,-0.00039856140622396746,17.000029930997457
1701944389561041574,-2.916419856453465e-05,-0.00039029554183162837,17.000030696248743
1701944389562212367,-2.9909359266161394e-05,-0.00038227259185517296,17.00003144870542
1701944389563456498,-3.0719140880155166e-05,-0.00037375280602720715,17.000032258407987
1701944389564739595,-3.157493309131984e-05,-0.00036496835329432594,17.00003310387468
1701944389565901359,-3.236722401254945e-05,-0.0003570160950471836,17.000033877141163
1701944389567708121,-1.889688573805323e-12,0.0006818763092302654,17.00000000000551
1701944389569516835,-6.688882368125573e-08,0.0007454564479731106,17.000000029898132
1701944389571526244,-1.578307388803266e-07,0.0007808150548240834,17.000000072838287
1701944389573137550,-2.5232442094342537e-07,0.0008091831267183549,17.00000012252357
1701944389574320740,-3.312190738493092e-07,0.000830025743971867,17.000000169170175
1701944389575651002,-4.275330228644009e-07,0.0008534642459185455,17.000000233112615
1701944389577001986,-5.333134151478882e-07,0.0008772808005045687,17.00000031047699
1701944389578176914,-6.327949062625041e-07,0.0008979972163246675,17.000000387189395
1701944389579519659,-7.573481719262463e-07,0.0009216786776930975,17.000000484762424
1701944389580883640,-8.978939753843115e-07,0.0009457407101683005,17.000000594649887
1701944389582239907,-1.0527311395357006e-06,0.0009696712416015606,17.000000715259315
1701944389583628609,-1.2269622291319118e-06,0.0009941863681818622,17.000000851242405
1701944389584825691,-1.3899212166456434e-06,0.001015324172341495,17.00000097902446
1701944389586099662,-1.577160367230319e-06,0.0010378228525436855,17.000001125984518
1701944389587343612,-1.7751150985095743e-06,0.001059798787639353,17.000001280063056
1701944389588728561,-2.014552039801564e-06,0.0010842657701694701,17.000001462292573
1701944389589920651,-2.2375314912391616e-06,0.0011053256701700183,17.00000162628039
1701944389591108425,-2.4758040929508645e-06,0.001126305152891956,17.000001794096004
1701944389592470332,-2.769420072909267e-06,0.0011503672438300347,17.00000198996059
1701944389593759305,-3.067110574354328e-06,0.001173136316844936,17.000002177642966
1701944389595115051,-3.3997729778861643e-06,0.0011970855799355216,17.000002377599063
1701944389596223839,-3.6850931428809037e-06,0.0012166767354041274,17.000002544034135
1701944389597420891,-4.004036984002406e-06,0.0012378283606260228,17.000002728583336
1701944389598673380,-4.347927817947019e-06,0.0012599602616489157,17.000002929570314
1701944389600117596,-4.756797982421263e-06,0.0012854888642735872,17.000003174317587
1701944389601713656,-5.225161841784499e-06,0.0013137055618919608,17.000003463118706
1701944389603587333,-5.80022527353536e-06,0.0013468447771033953,17.000003827707857
1701944389605169604,-6.3092957576260874e-06,0.001374835904670072,17.00000415647161
1701944389606772756,-6.849214818860145e-06,0.0014032032926035705,17.000004507866887
1701944389608034934,-7.292176486107047e-06,0.001425538166234474,17.00000479674633
1701944389609285766,-7.74636516468639e-06,0.0014476717436680963,17.00000509337521
1701944389610410896,-8.166371284120217e-06,0.001467573447632441,17.00000536901662
1701944389611905606,-8.738043689441411e-06,0.0014940038609391956,17.000005748267178
1701944389612954626,-9.147250424324709e-06,0.001512549100051357,17.000006022936393
1701944389614730467,-9.853605143434464e-06,0.0015439335554785834,17.000006500929
1701944389616212412,-1.0457354676426382e-05,0.0015701211353560125,17.000006910131923
1701944389617904841,-1.1166133618462241e-05,0.0016000240177751503,17.00000738656792
1701944389619261747,-1.175177869981715e-05,0.001623992168914605,17.00000777530956
1701944389620530129,-1.2315231862953709e-05,0.001646394264010033,17.000008145126998
1701944389621797661,-1.2894627282010259e-05,0.0016687763586678,17.000008522342586
1701944389622709873,-1.3321807866718192e-05,0.0016848878583888773,17.00000879945752
1701944389624294707,-1.4082083440942142e-05,0.0017128698227186867,17.000009293343776
1701944389625398381,-1.4624138965593247e-05,0.0017323554954818414,17.00000964720651
1701944389626974140,-1.5414336014129154e-05,0.0017601741649180247,17.000010167477484
1701944389628212245,-1.604893443784665e-05,0.0017820311940634618,17.000010589367008
1701944389629751137,-1.6856646423941033e-05,0.0018091987423274674,17.000011131221314
1701944389631324477,-1.770617064343954e-05,0.0018369718804805897,17.000011706699517
1701944389632971465,-1.8622213458148864e-05,0.0018660463232123134,17.000012333936635
1701944389635073273,-1.982901235814136e-05,0.00190315046719273,17.000013171658136
1701944389636458417,-2.0645313207836697e-05,0.0019276089987910676,17.000013745761066
1701944389637791010,-2.1442836802203633e-05,0.0019511401411063294,17.000014312618166
1701944389639153647,-2.2267502447787348e-05,0.0019752099320063292,17.00001490492186
1701944389640667901,-2.319188439354535e-05,0.0020019602113149054,17.000015575078685
1701944389641746129,-2.3855346867342413e-05,0.0020210121056016763,17.000016058383192
1701944389643025075,-2.4650597307612482e-05,0.00204362224469438,17.000016636403327
1701944389644351697,-2.5487959709380385e-05,0.002067077884457156,17.000017239549173
1701944389645596852,-2.6288093733303467e-05,0.0020890961236901865,17.00001780811821
1701944389647097231,-2.727262034025599e-05,0.00211563573820681,17.00001849655316
1701944389648518923,-2.822577305399756e-05,0.00214077699037047,17.000019153001805
1701944389650041122,-2.9266941326283425e-05,0.0021676865342625164,17.000019862507298
1701944389651214573,-3.008295954754534e-05,0.0021884272549270527,17.000020415867944
1701944389652632799,-3.108252986666728e-05,0.002213483456952506,17.00002109408546
1701944389654018695,-3.2072351038512244e-05,0.002237963021327143,17.00002176856143
1701944389655406263,-3.307574842511044e-05,0.002262465249926602,17.000022456783018
1701944389656885546,-3.415984501493159e-05,0.002288582090521222,17.000023206220572
1701944389657979896,-3.497202954808211e-05,0.002307897916627152,17.00002377186626
1701944389659299372,-3.596375323481603e-05,0.0023311828807732866,17.000024467632947
1701944389660723664,-3.70503533808121e-05,0.0023563144859966912,17.000025236324646
1701944389661785347,-3.7871593350578866e-05,0.002375043339497491,17.000025821256774
1701944389663785534,-3.9447165815970225e-05,0.002410312460937824,17.000026949394492
1701944389665457803,-2.4310675814012e-12,0.0017046337662965892,16.999999999999762
1701944389666968312,-5.245994732403604e-08,0.0017379067128036074,17.00000003646575
1701944389668388398,-1.1029651578098284e-07,0.0017527319167420336,17.000000074865227
1701944389670007887,-2.0325296475227148e-07,0.0017696277717413561,17.000000131541228
1701944389671234686,-2.9219444350602034e-07,0.0017824182998707428,17.00000018242734
1701944389672482534,-3.9709493772045635e-07,0.0017954283313488522,17.00000024140395
1701944389673635369,-5.045613150896492e-07,0.0018074504518082529,17.000000303706372
1701944389675180529,-6.603843955098715e-07,0.00182356471735829,17.000000402449277
1701944389676460707,-7.978521522364006e-07,0.0018369237866573815,17.000000500008873
1701944389677546857,-9.199141952496776e-07,0.0018482584068858295,17.000000595381376
1701944389678849761,-1.0736895992255986e-06,0.0018618594938158485,17.00000072534555
1701944389680181188,-1.2400931315175674e-06,0.0018757598869406607,17.000000874043813
1701944389681473898,-1.4110308604832976e-06,0.0018892541377622607,17.00000103082292
1701944389682922479,-1.6134009427362418e-06,0.0019043722845657723,17.00000121681167
1701944389684198939,-1.801419829648465e-06,0.001917694501168125,17.000001386742472
1701944389685309690,-1.9734923103529507e-06,0.0019292855343787108,17.000001537442156
1701944389686785237,-2.218026644634239e-06,0.0019446792442462289,17.00000174048888
1701944389688045351,-2.444788340739496e-06,0.0019578202980798957,17.000001916637746
1701944389689141347,-2.6582271826206523e-06,0.0019692471972715744,17.000002072792405
1701944389690694497,-2.9892574481588243e-06,0.001985436207643975,17.000002301366845
1701944389691960678,-3.28379634701703e-06,0.0019986262194320787,17.000002495739373
1701944389693832373,-3.7566144797976283e-06,0.0020181203488519616,17.00000279857124
1701944389695815718,-4.300935765790014e-06,0.0020387666520881895,17.000003138993737
1701944389697335597,-4.744505106032204e-06,0.0020545792882397133,17.00000341175686
1701944389698657591,-5.14689909513311e-06,0.002068331301947323,17.00000365571886
1701944389700012682,-5.574177917884347e-06,0.002082425065964006,17.000003910659995
1701944389701313402,-5.998218637429649e-06,0.002095951955236751,17.00000415909308
1701944389702989139,-6.565587087844531e-06,0.0021133769383574314,17.000004484368066
1701944389704562170,-7.121986639027476e-06,0.0021297394535539547,17.000004796094142
1701944389705834267,-7.5906304861491435e-06,0.002142974527559919,17.000005053634567
1701944389707306811,-8.156316410932363e-06,0.002158305984086406,17.000005358756678
1701944389708674199,-8.704419278849033e-06,0.002172549364117629,17.000005648425166
1701944389709919270,-9.221883902022188e-06,0.0021855274853835424,17.00000591624059
1701944389711251527,-9.79231369187692e-06,0.0021994251646390945,17.000006204820295
1701944389712408731,-1.0298781009529847e-05,0.002211505132984004,17.000006455547602
1701944389713822437,-1.0926741223970303e-05,0.002226267818697349,17.00000676115237
1701944389715243224,-1.1565298542441868e-05,0.0022411123950361704,17.00000706935526
1701944389716687008,-1.2220636453236811e-05,0.002256194143709755,17.000007387566757
1701944389718065874,-1.2854153645479156e-05,0.0022705978402452576,17.000007700905503
1701944389719590473,-1.3565860421897896e-05,0.0022865143231175656,17.000008062457717
1701944389720718491,-1.4101637077108738e-05,0.0022982863840948216,17.0000083416032
1701944389722070134,-1.4755087271757136e-05,0.0023123906006502788,17.000008688970517
1701944389723427009,-1.5423467202435838e-05,0.0023265442899256293,17.000009049923044
1701944389725187913,-1.6309203439388253e-05,0.00234491294918855,17.000009532746052
1701944389726705929,-1.708946353968742e-05,0.002360748663659572,17.000009958932175
1701944389728403112,-1.7981764679426404e-05,0.0023784537301669443,17.000010443088804
1701944389729951175,-1.8816815148688625e-05,0.002394604060352178,17.0000108904069
1701944389731235403,-1.952729849666151e-05,0.0024080018056098365,17.000011265703833
1701944389732464031,-2.0223871556643953e-05,0.0024208154424121145,17.000011629050825
1701944389733833867,-2.1021605601924112e-05,0.0024350990829763034,17.000012040140547
1701944389735898954,-2.2268033634792316e-05,0.002456634643855023,17.000012672437926
1701944389737430777,-2.3226358666266243e-05,0.0024726112949819633,17.000013150270764
1701944389738841835,-2.4133437656327087e-05,0.0024873324421837285,17.000013595324198
1701944389740204797,-2.503003171677043e-05,0.0025015604329068014,17.00001402801745
1701944389741525563,-2.5915607991839327e-05,0.002515355479403728,17.000014448742277
1701944389742893445,-2.6847606255528163e-05,0.0025296495604526033,17.000014885613783
1701944389744269261,-2.7798699946387624e-05,0.0025440372837644792,17.00001532722223
1701944389745655758,-2.8770102682842895e-05,0.0025585435811104527,17.000015776750452
1701944389746975599,-2.9707174940059386e-05,0.0025723618441952693,17.000016212252582
1701944389748366010,-3.070741034148106e-05,0.002586927111775022,17.000016683015115
1701944389749683553,-3.1667101628222466e-05,0.002600735628492007,17.000017143148977
1701944389751009879,-3.264422769391852e-05,0.002614643156647998,17.000017620922115
1701944389752293100,-3.359980726239552e-05,0.0026281027931777507,17.000018095429287
1701944389753564426,-3.455714493127007e-05,0.0026414393574491256,17.00001857418791
1701944389754845945,-3.55347131874055e-05,0.002654882573507709,17.000019061738474
1701944389756494055,-3.6814213670575364e-05,0.0026721672597314746,17.000019690981333
1701944389758145722,-3.8124817589191745e-05,0.0026894817273984527,17.00002032072955
1701944389759931549,-3.957565832049207e-05,0.0027081931723349846,17.000020999285304
1701944389761356129,-4.0758006376970585e-05,0.0027231172547792673,17.00002154006945
1701944389762754940,-4.1938799139429236e-05,0.00273777346595338,17.000022073558906
1701944389764090273,-4.308216828419701e-05,0.002751770034768735,17.00002258845101
1701944389765433998,-4.424650464129971e-05,0.002765860587045893,17.00002311501325
1701944389766794347,-4.543820822601371e-05,0.0027801335684696487,17.000023658458613
1701944389768789396,-1.4093383510454909e-12,0.001363755272412024,17.000000000004587
1701944389770458307,-4.710963745441309e-08,0.0013517014096343048,17.000000037252484
1701944389771751600,-8.651536652306623e-08,0.001347461887608927,17.000000067597735
1701944389773060717,-1.3911482050691703e-07,0.0013431805564771968,17.000000106177243
1701944389774253752,-1.9835675756349624e-07,0.0013392875826261042,17.000000148010034
1701944389775556440,-2.754612549505906e-07,0.0013350455882755246,17.000000201681022
1701944389776653112,-3.507064386630715e-07,0.0013314783483918044,17.000000254278437
1701944389778109075,-4.65981598721779e-07,0.0013267451518600409,17.000000336106357
1701944389779151364,-5.597266334262502e-07,0.0013233568301023282,17.00000040372692
1701944389780373677,-6.818580266654111e-07,0.0013193830912662577,17.000000493117916
1701944389781679059,-8.264796498044935e-07,0.0013151368144260292,17.00000060053364
1701944389782977196,-9.835310278277805e-07,0.0013109149328152,17.0000007185969
1701944389784289721,-1.1541268034641171e-06,0.0013066455516951739,17.00000084763132
1701944389785554480,-1.3283287936953529e-06,0.0013025338526973828,17.000000978760536
1701944389786942183,-1.5301806584704162e-06,0.0012980221605138876,17.00000112742359
1701944389788938294,-1.841629706982855e-06,0.0012915325936279356,17.000001345522076
1701944389790641143,-2.129376529037972e-06,0.0012859943341616527,17.00000153349403
1701944389792007476,-2.3768494093116224e-06,0.0012815481283582693,17.00000168459243
1701944389793223928,-2.610474916104721e-06,0.0012775881255194612,17.000001818622245
1701944389794564282,-2.8822271672251944e-06,0.0012732225485683583,17.000001965374786
1701944389795674502,-3.117830739255101e-06,0.0012696046944042762,17.000002086653637
1701944389797011735,-3.4126780636512477e-06,0.0012652449558981677,17.00000223454857
1701944389798278123,-3.7021986884144738e-06,0.0012611142480055046,17.000002379230086
1701944389799737688,-4.048354159122877e-06,0.0012563501493434996,17.000002555334035
1701944389800983150,-4.354542934176967e-06,0.001252283901132804,17.000002715352014
1701944389802232268,-4.6715906393512365e-06,0.0012482069842616522,17.00000288536254
1701944389803621666,-5.0354959083084855e-06,0.0012436752020052125,17.000003084580353
1701944389804938096,-5.3907164514763675e-06,0.001239387263400336,17.000003280837227
1701944389806159728,-5.729660243364332e-06,0.0012354132406289181,17.000003466936935
1701944389807459199,-6.100733773108194e-06,0.001231193038695514,17.000003666385826
1701944389808721110,-6.472450375052664e-06,0.0012271012125705495,17.00000385967774
1701944389809853612,-6.815995234634059e-06,0.0012234345573264365,17.000004031599378
1701944389811147962,-7.21996361239334e-06,0.0012192488102361644,17.000004224997326
1701944389812493239,-7.651809115044567e-06,0.0012149016172207207,17.00000442116022
1701944389813704555,-8.050340055884943e-06,0.0012109888701813656,17.00000459263626
1701944389814731322,-8.395431172194191e-06,0.0012076703103100568,17.000004734238566
1701944389816211323,-8.905645799816157e-06,0.0012028837903229725,17.000004934397328
1701944389817721254,-9.444626446134053e-06,0.001197994055878817,17.000005137852387
1701944389819336120,-1.0045700850855293e-05,0.0011927608982002106,17.00000536002708
1701944389821150552,-1.075616931571661e-05,0.0011868792395044983,17.000005620825743
1701944389822854258,-1.1459002751672621e-05,0.0011813590545455398,17.00000587913457
1701944389824167741,-1.2023950000108268e-05,0.001177108347132514,17.000006087332387
1701944389825509817,-1.2620425282194448e-05,0.0011727717065357754,17.00000630722751
1701944389826783555,-1.3203011966953879e-05,0.0011686623430582318,17.000006521493567
1701944389828071161,-1.3806574964130978e-05,0.0011645156164288497,17.00000674265251
1701944389829381053,-1.4434628939902165e-05,0.0011603026008424194,17.00000697208018
1701944389830609365,-1.5035691858351435e-05,0.001156357017357562,17.00000719135691
1701944389832026145,-1.574341614401259e-05,0.0011518124713911146,17.00000744946042
1701944389833400736,-1.6445247324919814e-05,0.0011474117810914351,17.00000770507887
1701944389834844255,-1.7199942927208833e-05,0.0011427983644973618,17.000007978878553
1701944389836109683,-1.7877480472952296e-05,0.001138762061376993,17.000008223152726
1701944389837400911,-1.858555780177315e-05,0.0011346495282582734,17.00000847637917
1701944389838797553,-1.9370862004579325e-05,0.0011302089399650456,17.000008754343717
1701944389840259020,-2.0213797631065663e-05,0.0011255710109896635,17.000009049122067
1701944389841731541,-2.1083760067260078e-05,0.0011209076956799886,17.00000934950992
1701944389842911177,-2.1795101170187435e-05,0.0011171778477988687,17.000009592350885
1701944389844302629,-2.2650936326480856e-05,0.0011127835548017512,17.000009881474217
1701944389845571011,-2.344840268405574e-05,0.0011087801175277473,17.000010148522115
1701944389847122110,-2.444856747731729e-05,0.001103884429936211,17.00001048208237
1701944389848883761,-2.561916557318687e-05,0.001098323349347173,17.000010873379612
1701944389851093123,-2.7137071768226627e-05,0.0010913489443470968,17.000011385502322
1701944389852976733,-2.847003192878849e-05,0.001085402711284059,17.000011840333524
1701944389854756704,-2.9754800940135328e-05,0.0010797864820748665,17.000012282574485
1701944389856050149,-3.0699869785637244e-05,0.001075706219498665,17.000012609840624
1701944389857334432,-3.1644239642781954e-05,0.0010716588086769254,17.000012938697804
1701944389858681523,-3.264034132572944e-05,0.0010674172407806586,17.00001328849143
1701944389860068673,-3.367263343598632e-05,0.0010630547417391405,17.00001365528013
1701944389861356719,-3.463933636771712e-05,0.001059007911478886,17.000014003109417
1701944389862627762,-3.56032457111809e-05,0.0010550185744631995,17.00001435356324
1701944389864110334,-3.6742570455055516e-05,0.001050369058846924,17.000014770863807
1701944389865513409,6.179536456108956e-13,-0.0006818758799999004,17.000000000001616
1701944389867083525,-3.3963951966757573e-08,-0.0007447524568988046,17.00000001412102
1701944389868401594,-7.027684030424501e-08,-0.00077261998411133,17.0000000286561
1701944389869633758,-1.1522565951410965e-07,-0.0007986705172055366,17.000000045282707
1701944389871022019,-1.7866656875122213e-07,-0.000828019561054689,17.00000006626276
1701944389872317135,-2.51264198947672e-07,-0.0008553941685482032,17.000000087523464
1701944389873523226,-3.3223737297977663e-07,-0.0008808852516074005,17.000000109011616
1701944389874954285,-4.4697197288542735e-07,-0.0009111224369397247,17.000000137378507
1701944389876243799,-5.682929861078831e-07,-0.0009383663751339865,17.00000016614255
1701944389877172650,-6.65873378048649e-07,-0.0009579857794597258,17.000000188854834
1701944389879425625,-9.335747624753124e-07,-0.001005554643546943,17.000000250428414
1701944389881078322,-1.1549444513385448e-06,-0.001040440735967887,17.000000301241798
1701944389882981586,-1.4307989583162319e-06,-0.0010806085961062946,17.000000365965914
1701944389884528562,-1.6682929995197471e-06,-0.0011132573131114017,17.000000424104822
1701944389886177742,-1.931618296894788e-06,-0.001148062760634778,17.00000049215156
1701944389887745757,-2.190308691260268e-06,-0.0011811645012612766,17.00000056243717
1701944389889023150,-2.4068024100140506e-06,-0.0012081333283157692,17.00000062288486
1701944389890209823,-2.6130066239154755e-06,-0.001233201157462584,17.000000680544396
1701944389891473865,-2.83855832766417e-06,-0.0012599034388272772,17.000000742464053
1701944389892539786,-3.0340754935462408e-06,-0.0012824311004242018,17.000000794811537
1701944389894270144,-3.3630185054075426e-06,-0.0013190124555680827,17.000000881193984
1701944389895882662,-3.6836958305013676e-06,-0.0013531097655359592,17.00000096533023
1701944389897091001,-3.934074104033458e-06,-0.0013786669394045417,17.000001032100602
1701944389898664572,-4.275089772166562e-06,-0.0014119547872194066,17.000001124764353
1701944389900128245,-4.609255966276945e-06,-0.0014429204774751745,17.00000121641384
1701944389901250602,-4.877844980140864e-06,-0.0014666683997727427,17.00000128988393
1701944389902372559,-5.158184318664135e-06,-0.0014904053335329367,17.000001366095034
1701944389903759699,-5.522835851584846e-06,-0.0015197498966580808,17.00000146465101
1701944389904944995,-5.851594221122426e-06,-0.0015448226427707845,17.000001552946927
1701944389906234823,-6.228871846353945e-06,-0.0015721124002970907,17.000001653311777
1701944389907614232,-6.65549851899313e-06,-0.0016013039556418015,17.000001765461867
1701944389909134496,-7.1525245449226135e-06,-0.0016334779920781424,17.00000189502189
1701944389910911455,-7.76658906844153e-06,-0.00167109527482273,17.000002055130302
1701944389912764667,-8.440621626456466e-06,-0.0017103146367296,17.00000223257679
1701944389914225686,-8.993142965033724e-06,-0.0017412313797882685,17.00000238014358
1701944389915719384,-9.57379081522399e-06,-0.001772829655836892,17.000002538035915
1701944389917065524,-1.010854064950848e-05,-0.0018013010696695977,17.0000026869158
1701944389918911735,-1.0856608388591447e-05,-0.0018403247245956822,17.00000290315877
1701944389920324590,-1.1439882935181714e-05,-0.0018701800413530932,17.00000307954736
1701944389921634353,-1.1988893989107544e-05,-0.0018978525702128433,17.00000325245537
1701944389922867534,-1.251359122492421e-05,-0.0019238996241950305,17.000003423533453
1701944389924250661,-1.3112358874816321e-05,-0.0019531120343960775,17.00000362409678
1701944389925434336,-1.3634126035768102e-05,-0.001978113101629845,17.00000380178484
1701944389926618936,-1.4164933940871286e-05,-0.0020031329440096065,17.00000398373792
1701944389928119611,-1.4848851057224987e-05,-0.002034822313449812,17.000004218837116
1701944389929549484,-1.5511801219071657e-05,-0.0020650145523185073,17.000004447648696
1701944389931070850,-1.622948012816842e-05,-0.00209713927100063,17.000004697193003
1701944389932475705,-1.6904967384150595e-05,-0.002126807520888221,17.000004934111203
1701944389933747777,-1.7529045610055823e-05,-0.002153667351640295,17.00000515435706
1701944389935050207,-1.8182497791832284e-05,-0.0021811723854937284,17.000005385489743
1701944389936354926,-1.885264754420751e-05,-0.0022087228236664144,17.000005622185363
1701944389937456411,-1.943041377778062e-05,-0.002231982748751211,17.00000582554474
1701944389938942612,-2.0225769549503514e-05,-0.002263365325661381,17.00000610443826
1701944389940245652,-2.093632875324518e-05,-0.0022908723459399514,17.00000635315706
1701944389941777522,-2.1785339499082637e-05,-0.002323205240550322,17.000006651068194
1701944389943440244,-2.2721394686078767e-05,-0.002358293799713013,17.000006981603846
1701944389944882120,-2.354422433505975e-05,-0.0023887184485921887,17.000007274123252
1701944389946139308,-2.426964747864473e-05,-0.0024152419127221876,17.000007532924908
1701944389947364042,-2.498352055406072e-05,-0.0024410800996585037,17.00000778746878
1701944389949130717,-2.6025318166414516e-05,-0.0024783503677087153,17.000008156922096
1701944389950261574,-2.6699275463505108e-05,-0.0025022061369533296,17.000008394002236
1701944389951929140,-2.7703046876870043e-05,-0.002537383060347384,17.000008743167815
1701944389953788713,-2.8838034046350067e-05,-0.00257661211415797,17.00000913151196
1701944389954865608,-2.9503955058633153e-05,-0.002599328540059022,17.000009356038838
1701944389956186927,-3.033140334686542e-05,-0.0026271980014451733,17.000009631769302
1701944389957668002,-3.127409935110976e-05,-0.0026584339694507137,17.000009942084645
1701944389958920393,-3.208500559332701e-05,-0.002684845528964563,17.000010206429575
1701944389960191158,-3.292211354013234e-05,-0.0027116427490089267,17.00001047784169
1701944389961465104,-3.3777038782691975e-05,-0.0027385047461755286,17.000010755092852
1701944389963019800,-2.9131931310083688e-12,-0.0023864510362398496,17.000000000000625
1701944389964026691,-3.2629293630732574e-08,-0.0024312324390273797,17.000000017330997
1701944389965716302,-8.83375743169965e-08,-0.0024607720919177503,17.000000048806392
1701944389966775936,-1.3548258622161934e-07,-0.0024792952277406174,17.000000077241125
1701944389968388225,-2.2271257054061853e-07,-0.002507481974766125,17.000000131894907
1701944389969683043,-3.060282848936303e-07,-0.0025301091466364218,17.000000183736905
1701944389970982085,-4.026531003226232e-07,-0.002552809616188216,17.000000240020892
1701944389972583348,-5.424565572681524e-07,-0.002580777893553298,17.000000311202
1701944389974906210,-7.913086272974006e-07,-0.0026213300381781267,17.000000411591266
1701944389976442044,-9.877525273287802e-07,-0.0026481298080518597,17.000000473887837
1701944389977813970,-1.1854978730882637e-06,-0.002672061294973773,17.000000525699217
1701944389979197044,-1.4059476951770662e-06,-0.0026961860883764127,17.000000573898994
1701944389980510485,-1.6341650649867132e-06,-0.00271909831685752,17.00000061597067
1701944389981828568,-1.8806169044574784e-06,-0.0027420953414024254,17.000000655221108
1701944389983163392,-2.1469991365668965e-06,-0.0027653974041100724,17.000000693447635
1701944389984518607,-2.4338545726779995e-06,-0.0027890659049893355,17.00000073256006
1701944389985794789,-2.71880970792632e-06,-0.002811368297236764,17.00000077085894
1701944389987122498,-3.030667963882104e-06,-0.0028345809734574676,17.000000812623863
1701944389988601121,-3.39706244677109e-06,-0.0028604390069669875,17.000000861364104
1701944389989985591,-3.7587599343825832e-06,-0.002884650538557437,17.000000909058652
1701944389991277221,-4.1122321590833096e-06,-0.0029072309518126515,17.00000095565113
1701944389992674801,-4.5112515631213155e-06,-0.00293165623888655,17.000001009433735
1701944389994221664,-4.9711647394898095e-06,-0.0029586746085438253,17.000001074773962
1701944389995612205,-5.399309054989612e-06,-0.0029829464969995927,17.00000113970025
1701944389997062526,-5.859180017877655e-06,-0.003008248497612963,17.000001213494237
1701944389998567889,-6.350481647520822e-06,-0.0030344969146767794,17.00000129527338
1701944389999801606,-6.7647590079045025e-06,-0.003056000554486128,17.00000136496584
1701944390001271043,-7.2744684151060255e-06,-0.00308159954064666,17.00000144972971
1701944390002832688,-7.838467943656914e-06,-0.00310879446508209,17.00000154120307
1701944390004886924,-8.618232551181777e-06,-0.0031445482359361825,17.00000166332975
1701944390006872243,-9.414060371412083e-06,-0.0031790810370883322,17.000001783289218
1701944390008263932,-9.99754418460681e-06,-0.003203274796643635,17.00000186864409
1701944390009502041,-1.0535773422347417e-05,-0.0032247913278204763,17.000001945734564
1701944390010679722,-1.1065903852459169e-05,-0.0032452542912464323,17.00000202033132
1701944390011828793,-1.160081285129526e-05,-0.0032652171202123695,17.00000209424392
1701944390013100383,-1.2211874098657019e-05,-0.003287303404828188,17.000002176674087
1701944390014220489,-1.2764619828676683e-05,-0.0033067604180987862,17.000002249099964
1701944390015737425,-1.3530074918308776e-05,-0.003333115872232048,17.000002345924486
1701944390017223537,-1.4295805562306727e-05,-0.0033589366820201577,17.00000243931636
1701944390018479848,-1.4955136715874783e-05,-0.003380766892501622,17.000002517861788
1701944390019809028,-1.566663461657713e-05,-0.0034038671926067948,17.000002601881476
1701944390021175236,-1.6415756583620747e-05,-0.003427611206190011,17.000002690306726
1701944390022612803,-1.722677405066999e-05,-0.0034525983357588967,17.000002786055084
1701944390023875106,-1.7959683560235493e-05,-0.003474534155281376,17.00000287236117
1701944390025357929,-1.8846842156192346e-05,-0.003500303814394629,17.000002976758186
1701944390026813372,-1.974537276772539e-05,-0.0035255896423334776,17.000003083519058
1701944390028160037,-2.060211317673241e-05,-0.0035489887777267783,17.00000318778358
1701944390029400383,-2.1412832765232723e-05,-0.003570536071220475,17.000003289928525
1701944390030704265,-2.2287263672100814e-05,-0.0035931900196566964,17.000003404857132
1701944390031957670,-2.3147663442555878e-05,-0.0036149665631917847,17.00000352312646
1701944390033122471,-2.3962739926044127e-05,-0.0036352063952224006,17.000003639671743
1701944390034450105,-2.490697432306364e-05,-0.0036582708430156216,17.000003778947068
1701944390036478609,-2.6377177894468425e-05,-0.0036935125580139514,17.00000400050565
1701944390038303138,-2.772593399446907e-05,-0.003725211607826418,17.000004205112244
1701944390039821098,-2.8866344216466234e-05,-0.0037515824519001907,17.000004377753807
1701944390041059496,-2.9808744001211808e-05,-0.0037730926195165054,17.00000452111136
1701944390042532040,-3.094292910653314e-05,-0.0037986647746455202,17.000004697680602
1701944390043661770,-3.1822671642817014e-05,-0.003818282501138307,17.000004839810487
1701944390045061267,-3.29224834138045e-05,-0.0038425769226439884,17.000005026199457
1701944390046343571,-3.393851824656544e-05,-0.0038648316114261,17.000005207490798
1701944390047695472,-3.5016367725688913e-05,-0.0038882939950258487,17.000005408270923
1701944390049016020,-3.607413808570684e-05,-0.003911216211960577,17.000005611287374
1701944390050316342,-3.711975915345571e-05,-0.003933789816239871,17.000005814361483
1701944390051579109,-3.814019977723029e-05,-0.003955712684336862,17.000006011152134
1701944390052808564,-3.914133035419355e-05,-0.003977063149710601,17.000006199512917
1701944390054066275,-4.017623046346742e-05,-0.0039989052800395546,17.000006386808533
1701944390055407449,-4.12950079870731e-05,-0.004022204485203439,17.00000657984997
1701944390056687743,-4.237863089203283e-05,-0.004044447292210951,17.00000675823043
1701944390057937784,-4.345106359232736e-05,-0.0040661679462691966,17.00000692809446
1701944390059335364,-4.466463871736517e-05,-0.004090457941646679,17.000007114897592
1701944390060435529,-4.562844614871572e-05,-0.004109580363290329,17.000007261224088
1701944390061735550,-4.6774437993378873e-05,-0.004132183378972625,17.000007436044886
1701944390063061361,-4.794920201699443e-05,-0.004155236347762817,17.000007618852784
1701944390064596626,-4.9316917594968345e-05,-0.004181929528571005,17.000007837896657
1701944390066214735,-5.0769248719878035e-05,-0.004210063870895435,17.000008076487195
1701944390068120891,-7.429757608028598e-12,-0.0013637562768312305,17.000000000000764
1701944390071051430,-7.55462120884613e-08,-0.0013166834965492168,17.000000009200782
1701944390072337647,-1.2248585173910355e-07,-0.001304160710390606,17.000000012965913
1701944390073630130,-1.8455558641406817e-07,-0.0012915761075344941,17.000000012981953
1701944390074923472,-2.637133616955341e-07,-0.0012789807176006942,17.00000000696571
1701944390076288237,-3.6681787368675336e-07,-0.0012656892788580072,16.999999993389395
1701944390077567378,-4.812869987561809e-07,-0.0012532293998867704,16.99999997480208
1701944390078819388,-6.082817221504149e-07,-0.0012410318702438317,16.99999995291534
1701944390079839094,-7.209376422098802e-07,-0.0012310947510631226,16.99999993393242
1701944390081755854,-9.502274452265096e-07,-0.0012124095214185683,16.999999900287403
1701944390083079100,-1.1203330652722039e-06,-0.001199507659347816,16.999999880378695
1701944390084375888,-1.2956724870269807e-06,-0.001186862016092396,16.999999864226258
1701944390085645724,-1.4757908036278379e-06,-0.0011744782496598606,16.999999850750353
1701944390086980144,-1.6746575148020564e-06,-0.0011614641413047499,16.999999837144795
1701944390088262975,-1.8758143379142182e-06,-0.0011489518636672907,16.999999822819905
1701944390089557914,-2.089453977997666e-06,-0.0011363213132614598,16.9999998058914
1701944390090821394,-2.308737314830561e-06,-0.0011239906878136186,16.999999786354632
1701944390092092645,-2.540438305209326e-06,-0.0011115776810106464,16.999999763360442
1701944390093268894,-2.7649992786438208e-06,-0.0011000843874959293,16.99999973904472
1701944390094669265,-3.0458812222957972e-06,-0.0010863863982448721,16.99999970686343
1701944390097115188,-3.5746146565093153e-06,-0.0010624346227989738,16.999999646776807
1701944390099429229,-4.12281255199231e-06,-0.0010397499256348882,16.999999591611356
1701944390100893757,-4.495698832067711e-06,-0.0010253817501541848,16.999999561031473
1701944390102218488,-4.851415215316966e-06,-0.0010123832405758886,16.999999538392736
1701944390103782429,-5.294834551473186e-06,-0.0009970347934796482,16.999999518918695
1701944390105087981,-5.684442296470491e-06,-0.0009842229099884445,16.9999995087698
1701944390106298233,-6.060859186802382e-06,-0.0009723469515333697,16.999999504068917
1701944390107660548,-6.501016872600599e-06,-0.0009589768691754137,16.999999503586245
1701944390109015358,-6.954835382158398e-06,-0.0009456761429881631,16.99999950721212
1701944390110224246,-7.372321923941754e-06,-0.0009338065036161563,16.99999951275545
1701944390111662428,-7.883649636373572e-06,-0.0009196798148547079,16.999999520293578
1701944390112850490,-8.317724706164635e-06,-0.0009080059522867034,16.99999952614526
1701944390114175312,-8.814215963307817e-06,-0.0008949838105104292,16.999999531543754
1701944390115561562,-9.347635989674689e-06,-0.0008813566706730501,16.99999953601805
1701944390117147189,-9.974488108265616e-06,-0.0008657667849858581,16.99999954051929
1701944390118205195,-1.0401702246313172e-05,-0.0008553651577919768,16.99999954380758
1701944390119623921,-1.0983744888252916e-05,-0.0008414235590845582,16.999999550033287
1701944390121017310,-1.1564566941463526e-05,-0.0008277356385826117,16.999999559699344
1701944390122164464,-1.2049362493104724e-05,-0.000816468371052778,16.99999957136643
1701944390123623594,-1.2675511197443901e-05,-0.0008021402138368215,16.99999959162311
1701944390124753278,-1.3169293956763084e-05,-0.0007910465818110527,16.999999610923552
1701944390125989472,-1.3721761966027329e-05,-0.0007789022268356057,16.99999963430582
1701944390127368146,-1.4356440420177053e-05,-0.0007653491825916834,16.999999661963948
1701944390128962559,-1.5118118515203803e-05,-0.0007496643099430627,16.999999695858442
1701944390130601598,-1.593441154062219e-05,-0.0007335230300006438,16.99999973388661
1701944390132406040,-1.687298142728663e-05,-0.0007157394011694378,16.99999978069911
1701944390133793073,-1.7622911013321684e-05,-0.0007020608904818362,16.999999820135592
1701944390135320738,-1.8476072750414224e-05,-0.0006869960204909939,16.999999865769553
1701944390136640897,-1.9234598081186595e-05,-0.0006739788820933416,16.999999905746645
1701944390138259257,-2.0187743351234298e-05,-0.0006580262173550308,16.999999953568214
1701944390139537415,-2.0956622059578335e-05,-0.0006454318606871521,16.999999989607634
1701944390140805360,-2.173250029699066e-05,-0.0006329420102352759,17.000000023795554
1701944390142163458,-2.2578820948860168e-05,-0.0006195647907870972,17.00000005964246
1701944390143448503,-2.3395150936200616e-05,-0.0006069098865203702,17.000000094174148
1701944390144876895,-2.432125665954433e-05,-0.0005928439037363021,17.00000013490085
1701944390146249340,-2.522912557255619e-05,-0.0005793280473605787,17.000000177496087
1701944390147536019,-2.6094884336641928e-05,-0.0005666524245666128,17.000000221137295
1701944390148881634,-2.701340484359486e-05,-0.0005533926935480485,17.000000270702575
1701944390150229092,-2.7945591151485538e-05,-0.0005401115485478555,17.00000032373238
1701944390151658026,-2.894825676272717e-05,-0.0005260182651088473,17.000000382263146
1701944390152964800,-2.9878172247552502e-05,-0.000513125518388621,17.000000436454517
1701944390154442664,-3.0944774058168095e-05,-0.0004985392983117382,17.000000497396083
1701944390155898234,-3.200991813777305e-05,-0.0004841618065798525,17.000000557052307
1701944390157374230,-3.3102078686070805e-05,-0.0004695784583296513,17.0000006181392
1701944390159321658,-3.455921048374792e-05,-0.0004503248842455479,17.000000702603355
1701944390160935131,-3.577977381937389e-05,-0.0004343664392300951,17.000000778244523
1701944390162320576,-3.683827959094552e-05,-0.0004206654302555268,17.0000008487477
1701944390163838073,-3.801106188189961e-05,-0.00040566492700617763,17.00000093249914
1701944390165103529,-3.900117122383661e-05,-0.00039316713797954086,17.000001007495925
1701944390166192390,-3.986307244194361e-05,-0.000382421286336288,17.000001075699565
1701944390167554893,-4.09549157390215e-05,-0.0003689879245472733,17.000001166067563
1701944390169272714,-4.2351587069569866e-05,-0.00035207228433177973,17.00000128919886
1701944390170298793,-4.319567762706883e-05,-0.00034197602417098685,17.000001368382506
1701944390172001046,-4.460847025165454e-05,-0.000325232807631875,17.00000151037132
1701944390173114315,-4.553932285374468e-05,-0.00031428405234874574,17.00000161035268
1701944390174230454,-3.3967142114418522e-12,0.0013637531063501668,16.999999999995783
1701944390175659846,-1.2109104126305784e-08,0.0014292006228085303,17.000000011727696
1701944390176652412,-2.3855423883979406e-08,0.0014547272652630742,17.00000002225565
1701944390178308463,-5.590835496706113e-08,0.0014973312275222957,17.00000004503612
1701944390179801965,-1.0093401869492672e-07,0.00153576418311692,17.000000070043466
1701944390181113743,-1.5458618347573683e-07,0.0015695287110431974,17.00000009490129
1701944390182279956,-2.132182849597213e-07,0.0015995525221963027,17.000000119302584
1701944390183697352,-2.9654471750314683e-07,0.0016360386814156217,17.000000152582377
1701944390184965521,-3.803184510437608e-07,0.0016686803012500358,17.000000186487778
1701944390186222838,-4.699935585040064e-07,0.0017010360046983584,17.000000224470316
1701944390187544149,-5.701747259891843e-07,0.0017350386782480252,17.000000269018695
1701944390188737061,-6.661091608783065e-07,0.0017657380878628723,17.000000312906856
1701944390190255208,-7.981888589760362e-07,0.0018047971182133837,17.000000373255876
1701944390191930117,-9.612024670419052e-07,0.0018478900253585874,17.000000445763085
1701944390193827885,-1.1733699018024575e-06,0.001896715804049283,17.000000536170766
1701944390195277381,-1.3579820167099127e-06,0.0019340091406437662,17.000000611644566
1701944390196651652,-1.5530641234299768e-06,0.0019693647435883354,17.000000688513026
1701944390197864803,-1.7423670422766695e-06,0.0020005743806665345,17.00000076047967
1701944390199297620,-1.986420699387642e-06,0.002037439010298898,17.000000849997328
1701944390200497565,-2.2064737004100722e-06,0.0020683090796215233,17.00000092849005
1701944390201903569,-2.4788673749739927e-06,0.0021044746581665523,17.000001024533233
1701944390204050077,-2.915083658724413e-06,0.0021596779706340064,17.000001179931296
1701944390205596391,-3.2391028450157697e-06,0.0021994384045203523,17.000001298140724
1701944390207086201,-3.5553678557151053e-06,0.002237731365645799,17.00000141549894
1701944390208412756,-3.840525531081962e-06,0.0022718248104354505,17.000001520822074
1701944390209898568,-4.167097764986071e-06,0.0023100032839181847,17.000001636989328
1701944390211257817,-4.476554726211657e-06,0.0023449279557402267,17.00000174027945
1701944390212804784,-4.846291805570185e-06,0.0023846600609047724,17.000001854635833
1701944390214148165,-5.1859282097573e-06,0.00241916341513558,17.00000195274413
1701944390215765535,-5.6206174200834456e-06,0.0024606902200994393,17.000002072222877
1701944390217068705,-5.992066292182406e-06,0.0024941490600812973,17.000002171291573
1701944390218342438,-6.3724415998924974e-06,0.002526849724417932,17.00000227162222
1701944390219649487,-6.777970755905049e-06,0.0025603947824078517,17.000002378380533
1701944390220895664,-7.175831924001117e-06,0.002592373169935453,17.00000248327742
1701944390222855278,-7.816320742902728e-06,0.002642645351649621,17.000002652195704
1701944390224831007,-8.476372432702435e-06,0.0026933227666374898,17.000002825479683
1701944390226210856,-8.946010510723038e-06,0.0027287074076384624,17.00000294782426
1701944390227745791,-9.481185622726956e-06,0.0027680692727051755,17.00000308614495
1701944390229251394,-1.0025068740230608e-05,0.0028066753261358534,17.000003225658293
1701944390230640738,-1.0548368418432454e-05,0.002842293489422572,17.00000335899262
1701944390232176063,-1.115351226604012e-05,0.002881651651511589,17.000003512005264
1701944390233724072,-1.1791609402546317e-05,0.0029213245192984127,17.00000367137329
1701944390235043809,-1.235544692749858e-05,0.002955135927969478,17.000003809317185
1701944390236525555,-1.3006144287848251e-05,0.0029930928894069523,17.000003962821566
1701944390237990664,-1.3663506866034905e-05,0.0030306151624031543,17.000004109499756
1701944390239223867,-1.4224914962746323e-05,0.0030621983207973305,17.000004227047107
1701944390240775475,-1.493918319387612e-05,0.003101929664745427,17.00000436640545
1701944390242029827,-1.5522707117978786e-05,0.0031340477101751093,17.000004472798786
1701944390243526157,-1.6227202937815006e-05,0.0031723639408197026,17.000004594240536
1701944390245043697,-1.6953809079868778e-05,0.0032112269659360132,17.000004713099603
1701944390246352433,-1.7593085457866646e-05,0.003244745080835659,17.000004813261352
1701944390247789725,-1.831175000931855e-05,0.0032815593342150956,17.000004921747923
1701944390249320463,-1.9098484678237848e-05,0.0033207796369871243,17.000005036233983
1701944390250692233,-1.982243976495871e-05,0.003355924541341399,17.000005137916858
1701944390252068023,-2.056600783144575e-05,0.00339118274852538,17.000005238470184
1701944390254068297,-2.1674648288920162e-05,0.0034424440882321163,17.000005380235145
1701944390255932764,-2.2733474210415118e-05,0.003490221391585231,17.000005506481003
1701944390257238133,-2.3486906654430913e-05,0.003523668501572346,17.000005591442473
1701944390258646108,-2.430853571544873e-05,0.003559737502107674,17.000005680759514
1701944390259873329,-2.5031863522855622e-05,0.0035911772654724024,17.000005757524736
1701944390261043369,-2.572772953407872e-05,0.0036211401657942678,17.000005830299127
1701944390262587110,-2.665694861972854e-05,0.0036606708883960954,17.000005925856566
1701944390263874448,-2.7442833275377182e-05,0.003693634777448477,17.000006004959438
1701944390265247241,-2.829358498731431e-05,0.00372878373659082,17.000006088919505
1701944390266389947,-2.9012691684312656e-05,0.0037580381795930522,17.000006159487203
1701944390267764326,-2.989171909510116e-05,0.003793238300764346,17.00000624795958
1701944390269565904,-1.727884159266179e-13,0.001704694487395742,17.000000000004896
1701944390270951953,-3.837622374514696e-08,0.0017161195353490144,17.000000023143237
1701944390272096936,-7.044704293833226e-08,0.0017202351076746366,17.000000043483045
1701944390273452575,-1.1966061794791408e-07,0.0017251167467038312,17.000000077537454
1701944390274638206,-1.7225714625485115e-07,0.0017293926384337646,17.00000011621029
1701944390276121286,-2.506014691118427e-07,0.0017347471394615003,17.00000017490069
1701944390277658254,-3.471144323394144e-07,0.0017402987357632129,17.000000245579756
1701944390278874870,-4.3543482959195985e-07,0.0017446943285627315,17.000000307298116
1701944390280293582,-5.532871582223954e-07,0.0017498185388032308,17.00000038503502
1701944390281461132,-6.633042339913495e-07,0.001754035251800749,17.000000453779137
1701944390283228082,-8.52819137338977e-07,0.0017604121410534467,17.000000565827207
1701944390285188867,-1.0938533195982087e-06,0.0017674846185101994,17.00000070033793
1701944390287816104,-1.459758800210079e-06,0.0017769592731136435,17.00000089430942
1701944390289303850,-1.685118619218665e-06,0.0017823274070162538,17.000001009909845
1701944390290753612,-1.914647936062498e-06,0.0017875648936922768,17.000001125337594
1701944390292044280,-2.1272389996331832e-06,0.0017922345460895845,17.00000122948623
1701944390293556864,-2.3889617687818556e-06,0.0017977180599603028,17.00000135189634
1701944390294901256,-2.635489641689889e-06,0.0018025991682141754,17.00000145975864
1701944390296758084,-2.9997284108732865e-06,0.0018093488080767237,17.000001605255594
1701944390298207789,-3.3021454153229557e-06,0.0018146234345515387,17.000001715466826
1701944390299732875,-3.6345564858318625e-06,0.001820178042592814,17.000001828733385
1701944390301238129,-3.975262748266117e-06,0.0018256656668952113,17.00000193904109
1701944390302679880,-4.314038610608933e-06,0.001830927811296706,17.000002044169154
1701944390303883658,-4.607749331205278e-06,0.0018353244803210095,17.000002131307117
1701944390305224232,-4.948157525253369e-06,0.0018402207764689595,17.00000222619504
1701944390306735881,-5.349454140537742e-06,0.001845737404036663,17.000002327909794
1701944390307974446,-5.691245886796988e-06,0.0018502499266611439,17.000002405257256
1701944390309546459,-6.139619056124695e-06,0.0018559694995440783,17.00000249407823
1701944390310947252,-6.550142351223212e-06,0.0018610573671883112,17.000002564695738
1701944390312242269,-6.936326231101989e-06,0.0018657564072735418,17.00000262461981
1701944390314125733,-7.5040789235067796e-06,0.0018725859534881935,17.00000270759097
1701944390315973997,-8.063856411054024e-06,0.0018792874883004392,17.00000278829556
1701944390318037915,-8.688983686928102e-06,0.0018867787108352795,17.000002880584805
1701944390320010309,-9.287976376723783e-06,0.0018939511415782136,17.000002971074544
1701944390321512337,-9.74891035016147e-06,0.0018994237948407055,17.000003040384335
1701944390322825067,-1.0159512161394753e-05,0.0019042160456890997,17.000003099922644
1701944390324065346,-1.0557567280913944e-05,0.0019087503278949602,17.000003154314268
1701944390325531754,-1.1043923851295543e-05,0.0019141133741658913,17.000003216029477
1701944390326885909,-1.1510170290131273e-05,0.0019190669194770749,17.000003271547783
1701944390328407422,-1.2054939812793486e-05,0.0019246315102787006,17.000003334825863
1701944390329865422,-1.2597746743631045e-05,0.0019299635249000807,17.000003399212435
1701944390331245296,-1.3128756566409544e-05,0.0019350130300931148,17.000003465787827
1701944390332910047,-1.3787873340662113e-05,0.0019411157791445913,17.000003554764408
1701944390334221833,-1.4318296137711268e-05,0.001945933883402562,17.000003631045534
1701944390335581475,-1.4875738029174545e-05,0.0019509374105322337,17.000003714123935
1701944390336885516,-1.541656891562216e-05,0.0019557432028484457,17.00000379551931
1701944390338177564,-1.5958841394764244e-05,0.0019605105939004344,17.000003875558832
1701944390339595333,-1.656245843483959e-05,0.001965742353018358,17.00000395997387
1701944390340969207,-1.7158706697771046e-05,0.001970811872471289,17.000004036112063
1701944390342413739,-1.7801477812786327e-05,0.001976137877627481,17.000004108419233
1701944390343828288,-1.8452069621860667e-05,0.001981351523936667,17.00000417161236
1701944390345737016,-1.937339140523761e-05,0.00198838786608036,17.000004248932598
1701944390347335154,-2.0190069342150116e-05,0.001994284984245342,17.000004311714815
1701944390349444703,-2.1338825147287105e-05,0.00200208530236037,17.0000044020943
1701944390351166670,-2.233599459696085e-05,0.0020084690216114905,17.000004487931143
1701944390352843652,-2.3352910414616924e-05,0.0020146990984248885,17.000004585293123
1701944390354301038,4.158678613199471e-12,0.0013637548722817974,17.000000000003638
1701944390355629329,-4.550280387938527e-08,0.0013525607867017001,17.000000017646077
1701944390357094487,-1.034240241362831e-07,0.0013466839814025675,17.000000039481108
1701944390358492394,-1.7637992094832718e-07,0.001341082494870634,17.00000006444817
1701944390359753334,-2.5619549514975515e-07,0.0013360335007885056,17.000000087005432
1701944390360905487,-3.4152281335923344e-07,0.0013314233484423219,17.00000010494887
1701944390361916733,-4.273684727231698e-07,0.0013273770816917933,17.000000117216118
1701944390363781104,-6.149122766968108e-07,0.0013199166654816947,17.00000013063918
1701944390365114694,-7.721583153643368e-07,0.0013145785464517478,17.000000133948703
1701944390366580635,-9.647946948684666e-07,0.0013087070962812216,17.00000013359548
1701944390367903464,-1.1531911361617668e-06,0.0013034077206081026,17.00000013099064
1701944390369174337,-1.3442818506875934e-06,0.0012983157961648818,17.000000127197787
1701944390370569820,-1.5637674206859763e-06,0.0012927240416990891,17.000000122036266
1701944390371839370,-1.7725478219927685e-06,0.0012876369220257305,17.000000116651268
1701944390373069532,-1.9845395608456567e-06,0.0012827080894717124,17.000000110946925
1701944390374416840,-2.2290932292062905e-06,0.0012773119245104317,17.000000104366496
1701944390376338158,-2.600746446133982e-06,0.0012696218559615268,17.000000095362786
1701944390378328430,-3.0128637208667753e-06,0.0012616672587474921,17.00000008862329
1701944390379980933,-3.3757483189975493e-06,0.0012550722798568771,17.000000087314586
1701944390381422068,-3.7089662985765354e-06,0.0012493325393291075,17.00000009108122
1701944390382978872,-4.090346795306661e-06,0.0012431427072709862,17.00000010135919
1701944390384092926,-4.378913495669502e-06,0.0012387204217321694,17.00000011268487
1701944390386509375,-5.053337493877715e-06,0.0012291369865805584,17.000000146121074
1701944390388215907,-5.567797114915779e-06,0.0012223748865335872,17.00000017478049
1701944390389649741,-6.020639342167538e-06,0.001216696263245624,17.000000199431977
1701944390390964315,-6.448521351461991e-06,0.0012114902659561336,17.000000220350074
1701944390392156867,-6.844274748802244e-06,0.0012067698900353533,17.000000236697424
1701944390393481081,-7.290460486427421e-06,0.0012015335741672282,17.00000025148445
1701944390394776400,-7.734055197760289e-06,0.0011964193029947803,17.00000026287411
1701944390396026713,-8.17042540330314e-06,0.001191492880935032,17.000000271544184
1701944390397386463,-8.656317313426196e-06,0.0011861471927719922,17.00000027877398
1701944390398804521,-9.176647763186065e-06,0.0011805889425343973,17.000000283856327
1701944390400235032,-9.715448559656696e-06,0.0011749972134164847,17.00000028640992
1701944390401454251,-1.0184327227195762e-05,0.001170243784494819,17.000000287075633
1701944390402767114,-1.0697507649341242e-05,0.001165136764484774,17.000000287902314
1701944390404020446,-1.1194946239764811e-05,0.0011602704091287631,17.00000029087687
1701944390405250331,-1.1691363402050402e-05,0.001155500623796974,17.000000297603012
1701944390406637692,-1.226470257567299e-05,0.001150121159487202,17.000000310309765
1701944390408573733,-1.3096295085323831e-05,0.0011426118312192798,17.000000334807186
1701944390410092958,-1.3779545148140227e-05,0.0011367145227292891,17.000000356910665
1701944390411441101,-1.4410937235647287e-05,0.0011314803336882988,17.00000037656463
1701944390412701074,-1.502300408141728e-05,0.0011265868225599793,17.00000039434652
1701944390413857205,-1.560227012716937e-05,0.0011220966271666404,17.000000410902796
1701944390415093654,-1.62387195121997e-05,0.0011172934799858825,17.00000043116176
1701944390416432030,-1.6945140461999082e-05,0.001112091782342379,17.000000459666396
1701944390417814809,-1.769145876056226e-05,0.001106715683276215,17.000000499739343
1701944390419466887,-1.8601730359521407e-05,0.0011002881200917883,17.000000563860283
1701944390420905004,-1.9406859779309156e-05,0.0010946929782879047,17.000000632893137
1701944390422040434,-2.004841897770754e-05,0.001090277401443846,17.000000693730737
1701944390423333827,-2.078364322984416e-05,0.001085250818535582,17.000000766012235
1701944390424473297,-2.143488134320845e-05,0.001080827422013136,17.000000829398726
1701944390425674205,-2.2126077273091515e-05,0.0010761709243691413,17.000000893352805
1701944390426868998,-2.2820835249131495e-05,0.0010715444799414841,17.000000953002562
1701944390428105593,-2.3550350771948424e-05,0.0010667610101435974,17.000001011171214
1701944390429341169,-2.4292108914396918e-05,0.0010619857914677556,17.00000106749014
1701944390430526226,-2.5017046795552728e-05,0.0010574060498765882,17.000001121742862
1701944390431814129,-2.581957060675893e-05,0.0010524277260590541,17.000001182380434
1701944390433043169,-2.6598363885419306e-05,0.0010476738520182505,17.00000124223924
1701944390434183442,-2.7330282054907527e-05,0.0010432605426340166,17.000001299362456
1701944390435509657,-2.81909515496931e-05,0.0010381226807502958,17.000001367630425
1701944390436734444,-2.8993545758620755e-05,0.0010333756079700346,17.000001432692763
1701944390438628956,-3.0250651964735857e-05,0.0010260303690751704,17.00000153854538
1701944390440071269,-3.122228604253864e-05,0.0010204373907637075,17.00000162413552
1701944390441886366,-3.2466657198949094e-05,0.0010134010899667937,17.000001738170916
1701944390443159367,-3.3355971830012516e-05,0.0010084679933561884,17.000001821728063
1701944390444392361,-3.4232736485495664e-05,0.0010036898662242417,17.000001904453775
1701944390445613709,-3.51174507845449e-05,0.0009989575051997431,17.0000019873331
1701944390446522870,-3.578744087337471e-05,0.0009954326391441665,17.000002049493354
1701944390448145513,-4.12665698325005e-12,-0.0006818758238206029,16.999999999998508
1701944390449478215,-5.147325091171571e-08,-0.000746300656623122,17.000000003209607
1701944390450899673,-1.1274197338797976e-07,-0.0007772944256944948,17.000000007402416
1701944390452289969,-1.955349106861514e-07,-0.0008076143975524505,17.000000014062966
1701944390453551444,-2.9069927091804663e-07,-0.000835121525780658,17.000000023039412
1701944390454906266,-4.153685861966395e-07,-0.0008646584742301208,17.000000036476308
1701944390456354195,-5.756980899357918e-07,-0.0008962219063546563,17.000000055227563
1701944390457547394,-7.291163268602957e-07,-0.0009222285106872895,17.000000073401534
1701944390458650650,-8.872301895090197e-07,-0.0009462656771795292,17.00000009125297
1701944390460026807,-1.10376074463888e-06,-0.0009762444764855471,17.00000011320098
1701944390461265320,-1.3142318440073615e-06,-0.0010032210885046492,17.000000131806377
1701944390462497110,-1.5354823478357915e-06,-0.001030043037874714,17.000000149359256
1701944390463741322,-1.7691963972939953e-06,-0.001057136448366953,17.000000167333155
1701944390464983391,-2.0117550700855095e-06,-0.001084179241707651,17.000000187445135
1701944390466177894,-2.253723739427478e-06,-0.00111018009388155,17.00000021073183
1701944390467466651,-2.525466251263732e-06,-0.0011382274398923941,17.000000241554282
1701944390468904910,-2.8441620467503475e-06,-0.0011695316999135081,17.00000028283566
1701944390470709615,-3.2702166950199978e-06,-0.0012088077145980868,17.000000342339394
1701944390472489233,-3.7204573898018883e-06,-0.0012475442811306695,17.00000040570803
1701944390474015248,-4.129867007162857e-06,-0.0012807702669503107,17.00000046058764
1701944390475279521,-4.483915037560304e-06,-0.0013083019535453195,17.000000504289442
1701944390476494792,-4.835056279706185e-06,-0.0013347685856185984,17.00000054308812
1701944390477855523,-5.2387141404425455e-06,-0.0013644065588700226,17.00000058136689
1701944390479285101,-5.673727466826214e-06,-0.0013955472043067057,17.000000615372
1701944390480500908,-6.053473818603179e-06,-0.0014220337053406265,17.000000640269963
1701944390481885902,-6.50055797407719e-06,-0.0014521993865499374,17.00000066682201
1701944390483340053,-6.991962497628847e-06,-0.0014838664046906925,17.000000696033027
1701944390484815658,-7.518952985321173e-06,-0.0015159957543308383,17.00000073006086
1701944390486098172,-8.002792738609224e-06,-0.0015439217022352473,17.000000764421173
1701944390487344755,-8.49617235869983e-06,-0.0015710558495786809,17.000000801879796
1701944390488710205,-9.06134287512051e-06,-0.001600776533441529,17.000000846176274
1701944390490037548,-9.633443633052487e-06,-0.0016296629896555008,17.000000890816274
1701944390491340871,-1.0215319633497224e-05,-0.0016580264068088968,17.0000009345867
1701944390492700091,-1.0841909625348797e-05,-0.001687599439781207,17.000000979008995
1701944390494007344,-1.1462684484459533e-05,-0.001716037637024159,17.000001020205584
1701944390495692429,-1.2288012340272885e-05,-0.0017526912636821922,17.000001071514436
1701944390497450218,-1.3178012484633754e-05,-0.0017909153825240618,17.00000112365012
1701944390499028309,-1.400177654514162e-05,-0.0018252303481977514,17.000001169570904
1701944390500585892,-1.4836936441830002e-05,-0.0018590953056863793,17.000001213526126
1701944390502130508,-1.5685819183911687e-05,-0.0018926761972122902,17.000001254634025
1701944390503922014,-1.6694410512801686e-05,-0.0019316158176759253,17.000001298188913
1701944390505424142,-1.755894682390307e-05,-0.001964264239449833,17.00000133162126
1701944390506707957,-1.831020244039926e-05,-0.0019921574393096902,17.00000135889845
1701944390507967582,-1.905740466504878e-05,-0.00201952377996715,17.000001385279838
1701944390509482690,-1.996765000226115e-05,-0.0020524377322967786,17.000001416270482
1701944390510789254,-2.0761556391668917e-05,-0.0020808144927673584,17.00000144115277
1701944390512199986,-2.1627642452755052e-05,-0.0021114486815158795,17.000001464506145
1701944390513573056,-2.2479788222445917e-05,-0.0021412661643918753,17.0000014834304
1701944390515065813,-2.3416809853620692e-05,-0.0021736758382447023,17.000001501161712
1701944390516371430,-2.4246372720898573e-05,-0.0022020230611462157,17.00000151586631
1701944390518048834,-2.5328136499481764e-05,-0.002238444105857972,17.00000153505019
1701944390519545852,-2.631145044157379e-05,-0.0022709553700565512,17.000001551922725
1701944390520822223,-2.7165406270625643e-05,-0.0022986809648901474,17.000001564740977
1701944390521966920,-2.7944787312464046e-05,-0.0023235465152264823,17.000001573718393
1701944390523228480,-2.8819848861782436e-05,-0.002350954388826308,17.00000157993946
1701944390524449043,-2.9683570131270686e-05,-0.0023774807012792937,17.0000015822466
1701944390525684428,-3.05750629592927e-05,-0.00240432633835337,17.000001581434915
1701944390526873005,-3.144933955206355e-05,-0.0024301635099224536,17.00000157834679
1701944390528257904,-4.490290910906698e-12,-0.0006818787180072174,17.000000000003002
1701944390529544812,-3.507422687374263e-08,-0.0006818806635030153,16.99999999612041
1701944390531062076,-8.449240841137625e-08,-0.0006818823771678388,16.99999999069451
1701944390532765958,-1.6104091447865014e-07,-0.000681884919395956,16.999999982454923
1701944390534532638,-2.607199999891448e-07,-0.0006818893801172268,16.99999997208193
1701944390536333360,-3.815502530008962e-07,-0.0006818966603934824,16.9999999602845
1701944390538017456,-5.1196892095797e-07,-0.0006819050353593381,16.999999948905025
1701944390539224828,-6.168033052709928e-07,-0.000681910364208971,16.99999994100514
1701944390540467396,-7.365333453003667e-07,-0.0006819131768953545,16.99999993353355
1701944390541852560,-8.864715084846473e-07,-0.0006819116619113197,16.999999926616564
1701944390543235878,-1.0549421729438687e-06,-0.0006819053059006282,16.9999999222747
1701944390544595296,-1.238455388611779e-06,-0.0006818953293394891,16.999999922140614
1701944390545947346,-1.4371213502802725e-06,-0.0006818823712129589,16.999999927919436
1701944390547394791,-1.665880306778972e-06,-0.0006818645314502229,16.99999994221811
1701944390548789962,-1.9013258688737743e-06,-0.0006818421325014338,16.999999964242683
1701944390549998722,-2.1172773087588093e-06,-0.0006818178915456222,16.999999989026268
1701944390551364587,-2.375198933031105e-06,-0.0006817853811071873,17.00000002158787
1701944390552808844,-2.664123775466236e-06,-0.000681746307786197,17.000000059577587
1701944390554123158,-2.941180749002388e-06,-0.0006817075957785378,17.000000096583385
1701944390555388955,-3.2198424076398363e-06,-0.000681667854338399,17.000000134406612
1701944390556747168,-3.5307377202341097e-06,-0.0006816219349253959,17.000000177927955
1701944390558110420,-3.8540027106355396e-06,-0.000681571152335864,17.00000022541066
1701944390559243497,-4.130339942145888e-06,-0.0006815244526080087,17.00000026815496
1701944390560746841,-4.506693194568221e-06,-0.000681455736387946,17.000000329207765
1701944390562310809,-4.9097642697348086e-06,-0.0006813770440844551,17.00000039665421
1701944390564075340,-5.380692985295508e-06,-0.0006812816353279389,17.0000004755875
1701944390566064536,-5.93597119994896e-06,-0.0006811682877404115,17.00000056697658
1701944390567452640,-6.340161883775688e-06,-0.0006810866961700435,17.000000632540523
1701944390568803228,-6.745992112092022e-06,-0.0006810063889526121,17.000000698639226
1701944390570198450,-7.175357541892528e-06,-0.000680923830322172,17.000000770110276
1701944390571749809,-7.660925851311082e-06,-0.000680834137917117,17.000000853745043
1701944390572925103,-8.032917659242059e-06,-0.0006807681653487843,17.00000091973375
1701944390574254218,-8.457774938424715e-06,-0.0006806950948291953,17.000000996134425
1701944390575635906,-8.90483374578839e-06,-0.0006806195999573417,17.0000010764985
1701944390576880145,-9.312969100666653e-06,-0.0006805508933055748,17.00000114944167
1701944390578277053,-9.77789130215695e-06,-0.0006804719186346064,17.00000123278379
1701944390579661154,-1.024560810101295e-05,-0.0006803909559823078,17.000001318269497
1701944390580897986,-1.066956163032298e-05,-0.0006803157814434192,17.000001398215023
1701944390582228971,-1.1132489826558969e-05,-0.0006802318286146033,17.000001488655695
1701944390583376321,-1.1538426354410095e-05,-0.0006801574720733921,17.00000157031048
1701944390584846787,-1.2070676360078341e-05,-0.0006800615813135391,17.000001679103924
1701944390586095916,-1.2535770361559048e-05,-0.0006799814276167818,17.00000177426095
1701944390587330231,-1.3008858195986299e-05,-0.0006799049276128578,17.000001869750193
1701944390588401340,-1.3430659800039064e-05,-0.0006798410696025955,17.000001953185862
1701944390590030861,-1.4092631737234598e-05,-0.0006797468280449147,17.00000208065615
1701944390591245679,-1.4601244062551329e-05,-0.0006796770790924483,17.000002175928625
1701944390592862230,-1.529595264179525e-05,-0.0006795808543729585,17.000002302495368
1701944390594782810,-1.6144076811135015e-05,-0.0006794568335422638,17.00000245093438
1701944390596364711,-1.685788588825571e-05,-0.0006793444527385946,17.000002569936118
1701944390598523695,-3.7853337407937546e-12,-0.0006818771360652727,17.00000000000026
1701944390599751229,-2.4027826472447346e-08,-0.0006818540512767025,16.999999988307053
1701944390601845844,-6.361861085515625e-08,-0.0006818177511846859,16.999999968676317
1701944390603724774,-1.1800314810032826e-07,-0.0006817734614841774,16.999999941694288
1701944390605016138,-1.6805784949858081e-07,-0.0006817382506138082,16.999999917369035
1701944390606239962,-2.2676816272314182e-07,-0.0006817027354524829,16.999999889549862
1701944390607870016,-3.228423133259373e-07,-0.0006816539985639783,16.9999998451717
1701944390609233020,-4.1813913813099265e-07,-0.0006816131027372145,16.999999801690986
1701944390610617238,-5.27310844658063e-07,-0.0006815723842277878,16.999999751331178
1701944390611974215,-6.450551015444297e-07,-0.0006815337584497445,16.999999695295738
1701944390613526477,-7.921850703644562e-07,-0.0006814915096561742,16.99999962230971
1701944390614837502,-9.275992405124462e-07,-0.0006814579978877004,16.99999955306108
1701944390616299108,-1.09299158908979e-06,-0.0006814242940151444,16.99999946800601
1701944390617719871,-1.2706401840815214e-06,-0.0006813966433529325,16.999999378433778
1701944390618998806,-1.4461659194349224e-06,-0.0006813768558731966,16.999999293424192
1701944390620457340,-1.6647405714318913e-06,-0.0006813600332043801,16.999999193958708
1701944390621887455,-1.8972775639926598e-06,-0.0006813479442608102,16.999999096486057
1701944390623348953,-2.1522578378684e-06,-0.0006813371607458128,16.999998998926475
1701944390624982449,-2.45608132807563e-06,-0.0006813227338099033,16.99999889289758
1701944390627004968,-2.85717658614012e-06,-0.0006812955792295986,16.999998764670135
1701944390628358391,-3.1401674260295824e-06,-0.0006812694230601707,16.999998679869446
1701944390629847573,-3.4654971055108935e-06,-0.0006812321988842744,16.999998586980965
1701944390631229633,-3.782089487044984e-06,-0.0006811908566160692,16.999998501378993
1701944390632587420,-4.10852494905662e-06,-0.0006811467274135812,16.9999984184376
1701944390633806064,-4.415076308475666e-06,-0.0006811073309155318,16.999998345505077
1701944390635098604,-4.753688579222206e-06,-0.0006810694067229796,16.999998270286742
1701944390637246725,-5.343194074320089e-06,-0.0006810224218952194,16.99999815200826
1701944390638504043,-5.702582542174325e-06,-0.000681005863668857,16.999998087472754
1701944390639770950,-6.074755563193809e-06,-0.0006809974871081244,16.99999802680569
1701944390640946523,-6.429559954754666e-06,-0.0006809956940589071,16.99999797469799
1701944390642230769,-6.828661998479993e-06,-0.0006809974383876112,16.999997922064225
1701944390643523500,-7.2437679612243605e-06,-0.0006810004546563081,16.999997872476396
1701944390644974781,-7.726372210256684e-06,-0.0006810037569400243,16.999997818183193
1701944390646132945,-8.123963831932626e-06,-0.0006810064582173851,16.999997773280164
1701944390647524182,-8.615598547851492e-06,-0.0006810108080755415,16.999997713543827
1701944390649045643,-9.170774214068081e-06,-0.0006810179322084819,16.999997638067136
1701944390650218280,-9.611220101981542e-06,-0.0006810253270325488,16.99999757239262
1701944390651544364,-1.0122908458245937e-05,-0.0006810351631301643,16.99999749191041
1701944390652919664,-1.0669040218140866e-05,-0.0006810457101435859,16.999997403909
1701944390654559259,-1.1340744267524542e-05,-0.0006810565026408194,16.999997295486924
1701944390656274087,-1.2067851475644526e-05,-0.0006810638450823108,16.999997178755134
1701944390658064889,-1.285539500710112e-05,-0.0006810661043432349,16.999997052278363
1701944390659493989,-1.3505743537752242e-05,-0.0006810633668076666,16.99999694700739
1701944390660718405,-1.4079399751869788e-05,-0.0006810569218443865,16.99999685334585
1701944390661953887,-1.4674176407847449e-05,-0.0006810450185389249,16.99999675593494
1701944390663209058,-1.5294832809031585e-05,-0.0006810253282979512,16.999996654875616
1701944390664455451,-1.5926935952684828e-05,-0.0006809960815972611,16.99999655348757
1701944390665919131,-1.6687012808616612e-05,-0.0006809469110888694,16.999996434396316
1701944390667149963,-1.7338699325519283e-05,-0.0006808915527723547,16.999996334584985
1701944390668606219,-1.811995118580817e-05,-0.0006808073634598059,16.99999621593519
1701944390670063127,-1.890854964067831e-05,-0.0006807008299973324,16.999996094139586
1701944390671474903,-1.967716798776738e-05,-0.0006805745967022011,16.999995970177295
1701944390672733718,-2.0365841373424757e-05,-0.0006804421213684559,16.999995853024366
1701944390674186701,-2.116637447399649e-05,-0.0006802655122668083,16.99999570951906
1701944390675579265,-2.1941696961825562e-05,-0.0006800724581361336,16.999995564337965
1701944390676906680,-2.2690271390681437e-05,-0.0006798669809525655,16.99999542017665
1701944390678297810,-2.348732988986091e-05,-0.0006796295291284173,16.999995264403594
1701944390679720016,-2.43173562788552e-05,-0.0006793645004942266,16.99999510166035
1701944390680976908,-2.1402609570145455e-12,0.000681875872616255,16.999999999999343
1701944390682535185,-3.3168503411692715e-08,0.0007284766119505768,16.999999997282906
1701944390684003737,-7.62570240876199e-08,0.0007528162069716637,16.99999999448746
1701944390685799042,-1.5000436470263902e-07,0.00078259158266066,16.999999992157466
1701944390687729031,-2.499546655902084e-07,0.0008146249375476581,16.99999999241695
1701944390689502891,-3.5545175715974776e-07,0.0008440848541996512,16.99999999495745
1701944390691089019,-4.5744558377580296e-07,0.0008704368329901573,16.999999997433665
1701944390692599661,-5.603491990617496e-07,0.0008955491606820257,16.99999999765484
1701944390693912103,-6.548975480010729e-07,0.0009173650300722293,16.999999994440643
1701944390695039353,-7.40743111134975e-07,0.0009361070515636095,16.999999988293407
1701944390696634147,-8.705147834259555e-07,0.0009626228119920812,16.999999973985705
1701944390698143873,-1.0030138996176754e-06,0.0009877245681356775,16.999999955210612
1701944390699734081,-1.1535132528412772e-06,0.0010141508236997652,16.999999931719135
1701944390701073665,-1.289808132892746e-06,0.0010364075529976805,16.999999910366302
1701944390702317321,-1.4249624292648821e-06,0.0010570589904707814,16.99999989021683
1701944390703779076,-1.595875575169298e-06,0.001081321322925434,16.999999866677893
1701944390705319113,-1.7917332785378299e-06,0.0011068719222000107,16.99999984189848
1701944390706771258,-1.9928286484303698e-06,0.0011309502597396544,16.99999981776444
1701944390707993234,-2.1756461419094004e-06,0.0011511999055289577,16.999999795816937
1701944390709453937,-2.412173854894686e-06,0.0011753915047492773,16.99999976572882
1701944390710841812,-2.6560548320872854e-06,0.0011983682056798427,16.99999973162122
1701944390712267929,-2.925794969361774e-06,0.0012219570352574453,16.99999968975501
1701944390713687536,-3.2121160358669043e-06,0.0012454240126268238,16.999999640889932
1701944390715020470,-3.494809600965426e-06,0.001267447106417045,16.999999589069827
1701944390716918543,-3.914903784822599e-06,0.0012987861729757168,16.99999950792717
1701944390718762929,-4.337558640321581e-06,0.0013292206878271406,16.999999423771346
1701944390720609233,-4.770069294492547e-06,0.0013596722621530331,16.99999933737554
1701944390722078220,-5.119234776265463e-06,0.0013838954992574256,16.999999268614104
1701944390723364599,-5.428576529676367e-06,0.0014051001708696173,16.999999209001416
1701944390724622471,-5.735298641718226e-06,0.0014258356213771545,16.999999151230107
1701944390726099520,-6.1025820597268145e-06,0.0014501826279350273,16.999999083269486
1701944390727386931,-6.4305491392016855e-06,0.0014714056614075356,16.999999022317247
1701944390728760425,-6.7898896191348296e-06,0.0014940481120280578,16.999998952138274
1701944390730090930,-7.147802140054282e-06,0.0015159798223736028,16.99999887506774
1701944390731613898,-7.5690827539072745e-06,0.0015410885202812945,16.99999877121035
1701944390732956069,-7.94982884710434e-06,0.0015632195634229758,16.999998663911054
1701944390734551101,-8.41325824677266e-06,0.0015895207562638786,16.999998517868047
1701944390735709701,-8.757958470248533e-06,0.0016086266712564065,16.9999984012441
1701944390736924804,-9.128807632918733e-06,0.0016286723129649101,16.999998272923257
1701944390738075700,-9.490993057384612e-06,0.0016476604200707456,16.999998148730594
1701944390739835582,-1.0069476741583549e-05,0.0016767031247266824,16.999997957612326
1701944390740958558,-1.045495177479565e-05,0.0016952399102994223,16.999997835016128
1701944390742189740,-1.0891674808946343e-05,0.0017155648949226307,16.999997698519334
1701944390743467086,-1.1358920112359073e-05,0.0017366532729028862,16.99999755253319
1701944390744656765,-1.1805624643678653e-05,0.001756292131151896,16.99999741120976
1701944390745992175,-1.2319484086853265e-05,0.0017783335981665356,16.999997245837957
1701944390747479082,-1.2908363302908344e-05,0.001802874037092985,16.999997053117816
1701944390748888043,-1.348584024213815e-05,0.0018261185088388715,16.99999686082238
1701944390750618448,-1.4229001207127655e-05,0.0018546608255313828,16.999996605206896
1701944390752369464,-1.502830157144221e-05,0.001883533049329701,16.999996312564935
1701944390753915218,-1.578181164491717e-05,0.0019090219691044001,16.999996011701892
1701944390755189493,-1.6442161926734458e-05,0.0019300331825360868,16.99999572272125
1701944390756490526,-1.7157938763962405e-05,0.0019514986654228365,16.99999537944949
1701944390757546542,-1.777204259053892e-05,0.0019689326828486965,16.999995060215095
1701944390759129634,-1.8751250839673316e-05,0.001995100895767403,16.999994508935178
1701944390760446386,-1.9620041544856793e-05,0.0020169020590629833,16.999993985238646
1701944390761715001,1.1241252876193885e-11,0.001704693138307523,17.000000000018055
1701944390762827619,-7.974971828705461e-08,0.001734927369897021,16.99999991919291
1701944390764302476,-2.077301481360024e-07,0.0017537215211879272,16.999999794516786
1701944390765885589,-4.07177779655815e-07,0.001773956027449733,16.999999613635286
1701944390767356128,-6.437703542544516e-07,0.0017928052167325674,16.999999414246233
1701944390768643990,-8.847066786614218e-07,0.0018093466425751126,16.99999922281292
1701944390769925589,-1.1476221367219593e-06,0.0018258210779933067,16.99999902170274
1701944390771094643,-1.4003043903314717e-06,0.0018408466902415262,16.99999883033963
1701944390772333038,-1.6730293140902047e-06,0.0018567475650554085,16.99999861791649
1701944390773576691,-1.9437887477255437e-06,0.0018726791622539836,16.999998391286674
1701944390774827794,-2.2050739241573975e-06,0.0018886640157299765,16.99999814583859
1701944390776093535,-2.450937355465632e-06,0.001904794675098032,16.999997876371364
1701944390777699364,-2.7272255405916896e-06,0.001925207166916325,16.999997501315285
1701944390779360381,-2.9645865824468135e-06,0.0019462688765591863,16.999997073978744
1701944390781122723,-3.15957851517577e-06,0.0019685865245736693,16.99999657674373
1701944390782683377,-3.2847705138856318e-06,0.0019883381081014276,16.99999609722501
1701944390784054875,-3.361616331367219e-06,0.002005694852583679,16.999995641228224
1701944390785519836,-3.4146585224514137e-06,0.0020242465621464916,16.99999510922173
1701944390787503835,-3.446038539870792e-06,0.0020493936027333026,16.999994292350813
1701944390788934114,-3.441499613516685e-06,0.0020675514005287715,16.99999361843767
1701944390790215965,-3.4162208548627633e-06,0.002083845179502817,16.999992938518467
1701944390791511348,-3.3649221048377676e-06,0.0021003413372275583,16.99999216456894
1701944390792634901,-3.2936202602520994e-06,0.0021146792865619013,16.99999141493341
1701944390793966120,-3.1689196170301787e-06,0.0021317004659681038,16.999990429276785
1701944390795244086,-3.0034047484537155e-06,0.0021480790974165898,16.999989387314574
1701944390796626331,-2.7745034872975927e-06,0.002165832722931409,16.999988167796143
1701944390798036625,-2.498116749351935e-06,0.0021839719027654833,16.999986844981912
1701944390799408291,-2.2082421983351873e-06,0.0022016220941782467,16.99998550445548
1701944390800839276,-1.913619305216667e-06,0.002220020352501569,16.99998407077066
1701944390802128474,-1.67973391722314e-06,0.00223656634282385,16.99998276036808
1701944390803468076,-1.48721593591404e-06,0.0022537121312041193,16.99998138549639
1701944390804723268,-1.3583180762829701e-06,0.0022697398173146437,16.9999800822032
1701944390806019254,-1.2703611881494547e-06,0.0022862527594421306,16.999978713496237
1701944390807577591,-1.2034785813273434e-06,0.0023060744500775806,16.999977020432333
1701944390809151367,-1.1529183424358802e-06,0.002326075047224464,16.999975239032953
1701944390811046014,-1.0826183499646096e-06,0.00235015691022204,16.999972973427454
1701944390812726216,-9.964167128086716e-07,0.0023715350125840776,16.999970838659547
1701944390814030430,-9.118294039462368e-07,0.002388156001657548,16.999969094770517
1701944390815351482,-8.159424008269633e-07,0.002405023691760978,16.999967250678576
1701944390816698224,-7.187207810068002e-07,0.0024222530721808105,16.999965294042653
1701944390817996699,-6.393901759855587e-07,0.002438890204132255,16.999963340620088
1701944390819821526,-5.806164479581056e-07,0.002462301336797829,16.999960498495636
1701944390821141308,-5.920944134595867e-07,0.0024792418278768475,16.999958381990567
1701944390822298131,-6.50468735590726e-07,0.0024940916361730478,16.999956492894558
1701944390823944257,-8.21918745945412e-07,0.0025152169155404224,16.99995376535001
1701944390825156369,-1.0154940785794669e-06,0.0025307641550570835,16.999951736048246
1701944390826340020,-1.256213140722591e-06,0.0025459397786191567,16.999949744843185
1701944390827268822,-1.4767248805543522e-06,0.002557847698448047,16.999948178303455
1701944390828892350,-1.913793238000671e-06,0.0025786516367443234,16.999945434762658
1701944390830138687,-2.284382778245624e-06,0.002594615874253114,16.99994332090969
1701944390831400222,-2.678811756996672e-06,0.002610760881935977,16.99994116881236
1701944390832666441,1.6283562671584936e-11,0.0017046937821301497,16.999999999998824
1701944390834010646,-9.922773672835392e-09,0.0017046670159908642,16.99999994720948
1701944390835280000,-1.8844532050661954e-08,0.0017046356426836963,16.99999988032171
1701944390836596894,-2.6036625469766064e-08,0.0017045944117900663,16.999999776623532
1701944390837735228,-3.203797894278581e-08,0.0017045540350675242,16.999999658578833
1701944390839221071,-4.914523679176188e-08,0.001704496044250291,16.999999469856444
1701944390840948774,-1.0129693048621451e-07,0.0017044198754886367,16.999999212321622
1701944390843095163,-2.4991483798664374e-07,0.00170430957049751,16.999998856235315
1701944390844834903,-4.6404153056827865e-07,0.001704207800508562,16.999998552558356
1701944390846026973,-6.713891833063373e-07,0.0017041340040600207,16.99999834299439
1701944390847530623,-1.0140733693679789e-06,0.0017040425924120686,16.999998080729224
1701944390848883946,-1.4015120297079236e-06,0.0017039675987115587,16.99999784507068
1701944390850203154,-1.8458707703830501e-06,0.0017039057471392425,16.999997610538177
1701944390851428453,-2.3077225113139074e-06,0.0017038595870906372,16.99999738263432
1701944390852786801,-2.8602690820472846e-06,0.001703818547043018,16.999997112752485
1701944390853984469,-3.3730501115610136e-06,0.0017037863018865105,16.99999685723857
1701944390855081887,-3.859595078483863e-06,0.001703754342850915,16.999996609133312
1701944390856530348,-4.529107429284638e-06,0.0017036999452178824,16.99999626647308
1701944390857665634,-5.0827058134625785e-06,0.0017036437446406826,16.999995990942967
1701944390859058076,-5.812885821715306e-06,0.0017035565286243144,16.99999565244568
1701944390860304830,-6.527260045381782e-06,0.001703462853482072,16.9999953538433
1701944390861493014,-7.272148656434404e-06,0.0017033629867396194,16.999995076148608
1701944390862710798,-8.107581544182466e-06,0.001703253809199391,16.999994800168473
1701944390863936703,-9.026367577937744e-06,0.0017031409474812535,16.999994531637263
1701944390865193806,-1.0050254132218187e-05,0.0017030266796235715,16.999994265874367
1701944390866323602,-1.103993768860386e-05,0.0017029294196521326,16.999994034741118
1701944390867369144,-1.201300564567021e-05,0.001702848090397471,16.999993826615935
1701944390869127768,-1.3773660301240224e-05,0.0017027402513705482,16.99999348719755
1701944390870720803,-1.5506045060976215e-05,0.0017026801652001585,16.99999319042081
1701944390872395437,-1.747578746269061e-05,0.0017026590365916,16.99999288949315
1701944390873981960,-1.9491388791317358e-05,0.0017026772329174172,16.99999261655454
1701944390875791202,-2.1979506073264574e-05,0.00170273712621415,16.999992324777036
1701944390877076465,-2.387435241744845e-05,0.001702800534654773,16.999992134708656
1701944390878318931,-2.5810508502383167e-05,0.0017028738227653343,16.999991970374648
1701944390879622733,-2.7952063765288354e-05,0.001702959151428944,16.99999182509261
1701944390880868225,-3.0101675049630495e-05,0.0017030455490372556,16.999991717297988
1701944390882169014,-3.245007547541711e-05,0.001703138580646856,16.999991639800367
1701944390883561160,-3.50716155384058e-05,0.0017032405069252186,16.999991594900315
1701944390884789759,-3.746834150302355e-05,0.001703333142005129,16.99999158228099
1701944390885958013,-3.980808757272061e-05,0.0017034250892580512,16.999991584830592
1701944390887222627,-4.2392325034269895e-05,0.0017035314709081257,16.999991591085138
1701944390888352451,-4.473381629017845e-05,0.0017036355781199675,16.999991589452172
1701944390890098953,-4.838722977010855e-05,0.001703822355410991,16.999991554095896
1701944390891727546,-5.181146809801663e-05,0.0017040333387248422,16.99999147414492
1701944390893234313,-5.498268074612808e-05,0.0017042681417103933,16.99999135586855
1701944390894739966,-5.8148575358381015e-05,0.0017045464831969088,16.999991200952465
1701944390896237759,-6.12979479602314e-05,0.0017048693382676553,16.99999102616688
1701944390897963874,-6.49366580851333e-05,0.001705297071415162,16.999990829809082
1701944390899530014,-6.826019766021532e-05,0.0017057331520249476,16.999990685108216
1701944390901068364,-7.155712385223491e-05,0.00170620048582125,16.999990599714238
1701944390902828455,-7.537888867831488e-05,0.0017067745287684263,16.999990591756944
1701944390904604923,-7.929643424278956e-05,0.0017073877296459586,16.999990688163706
1701944390906153450,-8.276003873413335e-05,0.0017079421805628573,16.99999085437508
1701944390907817263,-8.652459027820166e-05,0.0017085498733427505,16.99999110689494
1701944390909096754,-1.3251197421250069e-12,0.0006818780938547661,16.66666634910146
1701944390910569539,-2.6627374613018845e-08,0.0006450520438877333,16.6546641241091
1701944390911839933,-4.923542847365787e-08,0.0006280512983423477,16.649123162852053
1701944390913705115,-5.826265892610125e-08,0.0006030930287498655,16.640989041248577
1701944390915336119,-2.1073318115683996e-08,0.0005812695874297507,16.633876005743115
1701944390916652480,4.98745355502109e-08,0.0005636623319140557,16.628135480879724
1701944390918176117,1.775005615552264e-07,0.0005432913455971273,16.62149038787253
1701944390919617166,3.3208679960425005e-07,0.0005240395407883179,16.615206118994575
1701944390921090049,5.044334426312697e-07,0.0005043742837876345,16.60878255623796
1701944390922332207,6.444884316000094e-07,0.0004877994422095423,16.603365498869096
1701944390923936516,7.945713856412584e-07,0.0004664006870032753,16.596369117992072
1701944390925576703,8.951724403407665e-07,0.0004445295386480787,16.589216834951515
1701944390926922150,9.309342285967552e-07,0.00042658667725074015,16.583349703087684
1701944390928292028,9.237873621698037e-07,0.000408309595248958,16.577375528880044
1701944390929779497,8.72912652887528e-07,0.0003884516210773842,16.570888834915777
1701944390931421361,7.784104531461002e-07,0.0003665143173534353,16.563729522082067
1701944390932802875,6.803856048257972e-07,0.00034803371371240274,16.557704563606375
1701944390935841976,4.633170825543824e-07,0.00030731288279738333,16.54445187674396
1701944390937560832,3.5919063189866245e-07,0.00028423928223218525,16.536956965917206
1701944390939203213,2.9307007673111424e-07,0.00026216023972408666,16.529794788434575
1701944390940756779,2.730792288477973e-07,0.00024125184906919172,16.52302043263717
1701944390942204598,2.958926703006787e-07,0.00022174536760408386,16.516706664924445
1701944390943636987,3.530801788369169e-07,0.00020243356744492307,16.510461536752885
1701944390945837712,4.805152102613336e-07,0.00017272256387977628,16.500864658978326
1701944390947548861,5.901642450654483e-07,0.00014959146999286976,16.493403250067523
1701944390949099195,6.76518867211407e-07,0.000128606727522178,16.486642603598895
1701944390950727031,7.373130365304642e-07,0.0001065493594070471,16.479545181941017
1701944390952063467,7.581532094802604e-07,8.841806601370045e-05,16.473717172926133
1701944390953496359,7.518210884946648e-07,6.89661921244041e-05,16.46746920878402
1701944390954931754,7.234654745377734e-07,4.9473978844559503e-05,16.46121088633473
1701944390956424812,6.845848641569141e-07,2.9196965244383414e-05,16.454701011985176
1701944390957930309,6.515959643327752e-07,8.752816461675742e-06,16.448136057371705
1701944390959393119,6.386499339935668e-07,-1.1101534298761638e-05,16.441758235424015
1701944390960772527,6.514570543147051e-07,-2.9820558759950844e-05,16.435743229486143
1701944390962204427,6.933112687850366e-07,-4.9248849932632595e-05,16.42949951776114
1701944390963843162,7.737144868856881e-07,-7.148570934470938e-05,16.422354495607923
1701944390965663512,8.929817336689313e-07,-9.620240385172867e-05,16.41441732702947
1701944390967594687,1.0363338722226174e-06,-0.00012245019940431407,16.405996779765253
1701944390969710391,1.188968910658931e-06,-0.000151243168561022,16.396771645212684
1701944390971250652,1.283477895397535e-06,-0.00017222887672113877,16.39005606511693
1701944390972534128,1.343646894162856e-06,-0.00018973389312924708,16.384459080827632
1701944390974024203,1.3876824962125772e-06,-0.00021006703014940227,16.3779618674456
1701944390975557185,1.4046679368123902e-06,-0.0002309907566859365,16.371278602770616
1701944390977043121,1.3984316009373867e-06,-0.0002512789654993784,16.364799113087198
1701944390978753890,1.372817113518412e-06,-0.0002746305806533192,16.35734039378291
1701944390980325119,1.3399641744980534e-06,-0.00029607580661454336,16.35048878542879
1701944390981848207,1.3057847538464626e-06,-0.00031685366011462656,16.34384821825723
1701944390983401786,1.2725725939095274e-06,-0.0003380400307696439,16.337074603692017
1701944390984878759,1.2453599320541573e-06,-0.0003581748020914571,16.33063469112309
1701944390986250674,1.2267685409905884e-06,-0.0003768689921943336,16.32465322072122
1701944390987778682,1.2174047286930589e-06,-0.0003976833245279086,16.317990862750413
1701944390989157597,1.2213919882060126e-06,-0.0004164622621597118,16.311978216334253
1701944390990394285,1.2352407825002024e-06,-0.00043330077036619495,16.3065861732272
1701944390992131985,1.2678935323283132e-06,-0.0004569617045765363,16.299010084481267
1701944390993473733,1.300074999505202e-06,-0.0004752384903505833,16.293159621785808
1701944390995233978,1.3453228151067002e-06,-0.0004992276338524963,16.28548480047775
1701944390996956554,1.3925108653567202e-06,-0.0005227223799045143,16.277974238399565
1701944390998832543,1.4590754849280264e-06,-0.0005483320984002191,16.26979527236854
1701944391000437128,1.5502949052680214e-06,-0.0005702555384730907,16.262799280479992
1701944391001932254,-2.8704022307821743e-12,0.00034093777331079716,16.33333390726538
1701944391003870473,2.019386833582645e-07,0.0003283193438016351,16.321005683718706
1701944391005399237,4.448206667873474e-07,0.0003227028821246237,16.315516515636578
1701944391006755323,7.853253556062404e-07,0.0003177369617199541,16.310647083963605
1701944391008168146,1.3074757992709296e-06,0.00031259498525114073,16.30557380942482
1701944391009760246,2.146837088756724e-06,0.00030685660136767396,16.299857450202364
1701944391011294337,3.2432978781096155e-06,0.0003013931491961253,16.294348094655962
1701944391012774382,4.592222131365844e-06,0.00029619171321635144,16.28903290226069
1701944391014238119,6.215836222142458e-06,0.0002911178576025137,16.28377660622476
1701944391015711115,8.13056110162326e-06,0.0002860798842304756,16.27848675064594
1701944391017268811,1.0427250528470325e-05,0.000280816186752661,16.272891923537788
1701944391018711564,1.2752696174928273e-05,0.0002759840149959837,16.267710574772476
1701944391019919304,1.4798284626269754e-05,0.00027195172501654635,16.263372624623074
1701944391021398462,1.735474814440659e-05,0.00026700036535537506,16.25806022268183
1701944391022779755,1.9740797705564114e-05,0.00026233955992405834,16.253099793174417
1701944391024134085,2.2043442754035938e-05,0.0002577142376322792,16.248235330284796
1701944391025811129,2.4823612650963407e-05,0.0002518970602751651,16.24221244257082
1701944391027424496,2.7433785596694352e-05,0.0002462054862969096,16.236418286291297
1701944391029195563,3.0263482615126683e-05,0.00023986549987285277,16.230058263288665
1701944391030501595,3.235536126336469e-05,0.00023514488620888206,16.225367925649152
1701944391031840000,3.453201155733406e-05,0.0002302915886158828,16.220561162491418
1701944391033320079,3.699701945184305e-05,0.00022493505828372556,16.21524580756724
1701944391034698694,3.93504444717747e-05,0.00021997715924105987,16.210295178807822
1701944391036677018,4.280141702527504e-05,0.00021293868046528698,16.20319026872137
1701944391038122505,4.535262138859512e-05,0.00020785653583576695,16.19799983264205
1701944391039411304,4.7622056073551475e-05,0.00020336047997680708,16.19337106637056
1701944391040845841,5.011120182703014e-05,0.00019838291026728024,16.18821914746386
1701944391042148436,5.2315927590705475e-05,0.00019387676639948966,16.183541597881177
1701944391043302394,5.421135347307192e-05,0.0001898885266246791,16.179397505627982
1701944391044714466,5.644441850636848e-05,0.00018501024922964635,16.174326185783368
1701944391046174885,5.864826261637061e-05,0.00017996947800791614,16.1690811323727
1701944391047563591,6.064497982932944e-05,0.00017518488056587772,16.16409472600463
1701944391049049238,6.268481026975869e-05,0.00017007620678148472,16.158759929449978
1701944391050301235,6.434098533891701e-05,0.0001657776837959294,16.154263373592983
1701944391051617143,6.604273534915525e-05,0.0001612648296622403,16.14953825494967
1701944391052896838,6.768561322304357e-05,0.00015687585864961488,16.14494328637615
1701944391054118962,6.926672118556264e-05,0.00015267843609923973,16.140554650340565
1701944391055424776,7.098708249598543e-05,0.00014818176206382561,16.135865495691593
1701944391057088876,7.323467696155171e-05,0.00014242624714675415,16.12988952562764
1701944391058882288,7.571360867337173e-05,0.0001361882540686316,16.123449507204647
1701944391060644698,7.817640383390396e-05,0.0001300225087752923,16.11712079370475
1701944391061923803,7.99565168878154e-05,0.00012552850328202927,16.112527524479617
1701944391063199628,8.170193420973809e-05,0.00012103564754405228,16.1079462623831
1701944391064496178,8.342725767593692e-05,0.00011646432505550538,16.103289686083432
1701944391065912783,8.524428877205904e-05,0.00011147320387255147,16.098203357675942
1701944391067325628,8.698692058652622e-05,0.00010650379630390459,16.093129903465215
1701944391068837801,8.878831096398228e-05,0.00010120218602755139,16.087699470801148
1701944391070412202,9.061736620581775e-05,9.570995337228977e-05,16.08204646911822
1701944391071677951,9.207275803551867e-05,9.13185915384336e-05,16.077501307495588
1701944391072968769,9.356096294646556e-05,8.686692230099708e-05,16.072866258946924
1701944391074449652,9.528979514920999e-05,8.179533344722828e-05,16.06754888198071
1701944391075642422,9.670654902145264e-05,7.773700789084732e-05,16.063265698381127
1701944391076871818,9.81930014578113e-05,7.357537092227542e-05,16.058850666466096
1701944391078094997,9.969633817362315e-05,6.945175515308446e-05,16.05445874405701
1701944391079369207,0.00010128147128298686,6.516499280887828e-05,16.049882751715884
1701944391080558779,0.00010276767130307705,6.116543977113262e-05,16.04561154357226
1701944391081903508,0.00010443997742383427,5.663765141725841e-05,16.04078301234957
1701944391083231918,0.00010607080809846522,5.215216269459437e-05,16.03601272209325
1701944391084548225,1.030955201037579e-10,-0.0006818764618575662,16.000000032919473
1701944391085964523,-6.824697046795803e-08,-0.0007157367642848933,15.988975152177753
1701944391087261531,-1.4768641018284995e-07,-0.0007318291538608323,15.983742207238148
1701944391089136538,-3.0623097851994997e-07,-0.0007551104076865186,15.976176613090068
1701944391091265567,-5.271637129377695e-07,-0.000781554784159332,15.96758662058196
1701944391092457990,-6.595026775962218e-07,-0.0007963642190258526,15.962776051914533
1701944391093457564,-7.677699472539864e-07,-0.0008087742083161955,15.958743681901447
1701944391094816851,-9.020486128194161e-07,-0.0008256431900556377,15.95325880942935
1701944391096630269,-1.0476548103503967e-06,-0.0008481168119299813,15.945942424484667
1701944391098146507,-1.135710295802328e-06,-0.0008668769090566952,15.93982554048408
1701944391099627667,-1.192443843331094e-06,-0.0008851799991867903,15.9338490851312
1701944391100926084,-1.2227386567937611e-06,-0.000901204913361612,15.928610424260546
1701944391102307306,-1.2440178348483429e-06,-0.000918237835516179,15.923037980688786
1701944391103820818,-1.2678651787359756e-06,-0.0009368958734444857,15.916931688131896
1701944391105269432,-1.3048705903238936e-06,-0.0009547558292026603,15.911087069754817
1701944391106605200,-1.3626203052804608e-06,-0.000971232259611584,15.905697472429457
1701944391107887497,-1.447877512277339e-06,-0.0009870565414564826,15.90052433844851
1701944391109017846,-1.5517507061499916e-06,-0.0010010156384350074,15.895963965452728
1701944391110266501,-1.6996037195947167e-06,-0.001016445783956644,15.890926515822768
1701944391111701970,-1.9102866778055207e-06,-0.0010341996686452617,15.885134969512917
1701944391113176572,-2.1660605126566515e-06,-0.0010524510854995328,15.879185701573677
1701944391114598583,-2.442964007124642e-06,-0.0010700603235513017,15.873449033508566
1701944391116082154,-2.7550020784582173e-06,-0.001088438382978655,15.867463256913375
1701944391117445304,-3.0550392933260773e-06,-0.001105318930556813,15.861964203776814
1701944391119095931,-3.4244554506280846e-06,-0.0011257498726541155,15.855304172932154
1701944391121082472,-3.862094600626173e-06,-0.0011503067661421953,15.84728982156563
1701944391122759104,-4.214511696056966e-06,-0.0011710048334071326,15.840525901716719
1701944391124251374,-4.508335168568625e-06,-0.001189407626599165,15.83450550115017
1701944391125805557,-4.792014899192248e-06,-0.0012085585933830616,15.82823499693263
1701944391127004244,-4.996824977644367e-06,-0.0012233179197902206,15.823399609347044
1701944391128357771,-5.21950726670544e-06,-0.0012399819142211767,15.817938028342567
1701944391129844090,-5.463565508872675e-06,-0.0012582691960126074,15.811941637200741
1701944391131129580,-5.684085870965424e-06,-0.0012740739938873094,15.80675612015277
1701944391132452044,-5.931544827109722e-06,-0.0012903233567232255,15.801420562433313
1701944391133919712,-6.243073129245999e-06,-0.0013083387739257863,15.79549924378992
1701944391135271106,-6.572707853501763e-06,-0.0013249091429276506,15.79004735085931
1701944391136774934,-6.993284750958549e-06,-0.0013433336845304154,15.783979896375087
1701944391138138843,-7.42318832193926e-06,-0.001360028537870474,15.778478052544019
1701944391139378617,-7.849908991482408e-06,-0.0013751986722671833,15.773476401277176
1701944391140787558,-8.36796815292687e-06,-0.0013924353774103862,15.767791857081956
1701944391142249717,-8.932558354463866e-06,-0.0014103197162338742,15.761892843421402
1701944391143809675,-9.553577342646921e-06,-0.001429396158044932,15.75560045495078
1701944391145412911,-1.0201790868407709e-05,-0.0014490088491604658,15.749132065516486
1701944391146720648,-1.0732327962248706e-05,-0.0014650100503874734,15.743856368634056
1701944391148129279,-1.130165258824717e-05,-0.001482253310086367,15.738173816633287
1701944391149949739,-1.2030966864879397e-05,-0.001504555317639948,15.730829205272741
1701944391151667533,-1.2710936612136797e-05,-0.0015256143893359934,15.723899145760361
1701944391154148014,-1.3678574936458886e-05,-0.0015560445649713457,15.71389215916321
1701944391155694081,-1.4274209966590253e-05,-0.0015750174587179204,15.70765558956431
1701944391157243283,-1.4868403506307559e-05,-0.0015940325014040303,15.701405561072171
1701944391158589927,-1.5386746110236024e-05,-0.0016105584065200895,15.695973104843159
1701944391159972910,-1.5927522186681186e-05,-0.0016275287524337395,15.690393500333967
1701944391161223437,-1.6430568352160735e-05,-0.0016428696179981955,15.685348689829176
1701944391162325141,-1.689070042753469e-05,-0.0016563837042564758,15.680904075050519
1701944391163637195,-1.7465952563244967e-05,-0.0016724769448807132,15.675611142797495
1701944391165141173,-1.8166838467718072e-05,-0.0016909267520916192,15.669543962268339
1701944391166251595,-1.8713913736593626e-05,-0.0017045535497259405,15.665063804901985
1701944391167312349,-1.9259284143546487e-05,-0.0017175716882837097,15.66078467892842
1701944391169004602,-2.017190947252224e-05,-0.0017383454420761121,15.653957717678312
1701944391170206031,-2.0848912802482957e-05,-0.0017530950189184411,15.64911114521933
1701944391171596407,-2.1658019768579367e-05,-0.0017701618594138282,15.643502826444001
1701944391172722899,-2.2330513254845446e-05,-0.001783988464335835,15.638958275522137
1701944391173593730,-2.2858153219406283e-05,-0.0017946748791726227,15.63544478684001
1701944391175147091,-2.3808153465847875e-05,-0.0018137255721008161,15.62917860449861
1701944391176079961,-2.438140472386925e-05,-0.0018251633814522375,15.6254150505285
1701944391177386684,-2.518273172324256e-05,-0.0018411824265131506,15.620143386574954
1701944391178652625,-2.59547064169316e-05,-0.001856699742551801,15.615037160454637
1701944391180591687,-2.7129832590292856e-05,-0.001880479519294429,15.607214814195718
1701944391181958158,-2.7956499934374997e-05,-0.0018972477494319016,15.601701774473351
1701944391183641360,-2.898404397841222e-05,-0.0019179132759470727,15.594911486892528
1701944391185172940,-2.993839127880348e-05,-0.0019367296218428583,15.588732926228131
1701944391186656937,-3.089008566318681e-05,-0.0019549706496792578,15.582746746853198
1701944391188013010,-3.1788709499504966e-05,-0.001971648403859916,15.577276106560372
1701944391189219677,-3.261396578477779e-05,-0.0019864929617533942,15.572408522573866
1701944391190668315,-3.363812808673115e-05,-0.0020043212112492593,15.566564750049169
1701944391191832580,-3.448814975986125e-05,-0.0020186546911733667,15.561868397666213
1701944391193268389,-3.557029302704243e-05,-0.0020363387167623577,15.556076602517022
1701944391194776347,-3.674743751002755e-05,-0.002054918982857779,15.549993411685342
1701944391196103636,-3.781684864404402e-05,-0.0020712747507909066,15.544639257548518
1701944391197668271,8.40302912701648e-12,-0.002386450554868796,15.999999693873189
1701944391199024100,-6.344357170300893e-08,-0.002430452030045519,15.999851068039995
1701944391200388467,-1.338929613025098e-07,-0.0024509982639543773,15.999781662463974
1701944391201609212,-2.138793361677094e-07,-0.002469377653817628,15.999719566609375
1701944391202883948,-3.105782487351828e-07,-0.0024885668105364194,15.999654723030506
1701944391204186042,-4.2065096461760105e-07,-0.0025081607822460368,15.99958850000501
1701944391205578815,-5.498817572517072e-07,-0.002529118674809037,15.999517658431104
1701944391206892966,-6.827809659455127e-07,-0.002548891294951455,15.999450820576318
1701944391208127081,-8.177419773330811e-07,-0.0025674582031194504,15.999388061034786
1701944391209578503,-9.89504152849158e-07,-0.002589295806715989,15.999314252506895
1701944391211183374,-1.1959912955803007e-06,-0.0026134373201347175,15.999232664814711
1701944391212835103,-1.427272062334823e-06,-0.002638280904965388,15.999148711361478
1701944391214630694,-1.7024822234393058e-06,-0.0026652813146185897,15.999057478888211
1701944391215939626,-1.9213828387161623e-06,-0.0026849616456226045,15.998990990191967
1701944391217328469,-2.1750123734605075e-06,-0.002705845969649382,15.998920448277413
1701944391218627257,-2.436115760618032e-06,-0.002725372543387855,15.99885450897677
1701944391220663606,-2.8995696293957685e-06,-0.0027559925876338687,15.998751138504494
1701944391221963478,-3.2315529117744876e-06,-0.002775538495139634,15.998685167704618
1701944391223198331,-3.5727449612812446e-06,-0.0027941071226844773,15.998622497346497
1701944391224352167,-3.9121664666628445e-06,-0.0028114494253497235,15.998563960117568
1701944391225494125,-4.2645364733841236e-06,-0.002828610873118816,15.998506022509137
1701944391226704190,-4.651156297687169e-06,-0.0028467871856603082,15.998444645092265
1701944391227811974,-5.013252352999956e-06,-0.0028634252914750166,15.99838845073082
1701944391228989299,-5.402837449427479e-06,-0.0028811002733877917,15.998328744487912
1701944391230134543,-5.784407015781209e-06,-0.0028982871063526145,15.998270677064875
1701944391231456974,-6.227521214205133e-06,-0.0029181292664725387,15.998203621423848
1701944391232741254,-6.661193656383821e-06,-0.002937390457276707,15.998138504687303
1701944391233936575,-7.069371533364152e-06,-0.0029553052810247058,15.998077910545536
1701944391235073187,-7.463621827375489e-06,-0.0029723317040396065,15.998020289429398
1701944391236179161,-7.855153921223037e-06,-0.002988891815241516,15.997964214185087
1701944391237563976,-8.359648961463483e-06,-0.0030096165984387674,15.997893995617718
1701944391239024772,-8.911898383004304e-06,-0.0030314638939193976,15.997819936137772
1701944391240213385,-9.378068243906808e-06,-0.0030492324413227373,15.997759686426601
1701944391241763988,-1.0010686344244023e-05,-0.0030724104310792645,15.997681091559596
1701944391243545370,-1.0773084426977702e-05,-0.003099031868535369,15.997590835752103
1701944391245251145,-1.1540731458137977e-05,-0.0031245276580217757,15.99750442478634
1701944391246857535,-1.2298561712581654e-05,-0.003148539377322944,15.997423075389055
1701944391247979561,-1.284815483556418e-05,-0.0031653111139771243,15.997366273429028
1701944391249291330,-1.3510807390695197e-05,-0.0031849207773209237,15.997299878301162
1701944391250848114,-1.432206676938883e-05,-0.003208191653663621,15.99722110887318
1701944391253075771,-1.5522032981333293e-05,-0.0032414975953503912,15.997108409924758
1701944391254163687,-1.6122161157830112e-05,-0.0032577633237323364,15.997053387692493
1701944391255639978,-1.6946988150430452e-05,-0.003279839072607964,15.9969787331439
1701944391256719804,-1.7555754716188573e-05,-0.0032959892954566522,15.996924135123097
1701944391258065943,-1.831838632009832e-05,-0.0033161285844202026,15.996856076983402
1701944391259280229,-1.9009227779553296e-05,-0.0033343019282156996,15.996794689418042
1701944391260427623,-1.9665884235912507e-05,-0.0033514820284205288,15.996736680984087
1701944391261587237,-2.0335989669469447e-05,-0.0033688456499475785,15.996678074741185
1701944391262753369,-2.1020250352714507e-05,-0.003386316840468198,15.99661912453696
1701944391264025877,-2.1781921307536372e-05,-0.0034053808987188046,15.99655481877273
1701944391265205214,-2.2504222888813248e-05,-0.0034230511946827633,15.996495230832776
1701944391266647266,-2.341133043521179e-05,-0.0034446656234590404,15.996422363313895
1701944391267747186,-2.412159810028843e-05,-0.003461151178438322,15.996366801084587
1701944391269123424,-2.5034171479443324e-05,-0.0034817802794163337,15.996297287995908
1701944391270232629,-2.578989327224563e-05,-0.003498410229336634,15.996241258878257
1701944391271468197,-2.6653017037636385e-05,-0.003516929507145561,15.99617886859352
1701944391273302174,-2.7974316503936924e-05,-0.0035444149318372806,15.996086277090022
1701944391274874000,-2.9142020476389803e-05,-0.003567970345529999,15.996006933645745
1701944391276356029,-3.0268943915914034e-05,-0.0035901790814658954,15.995932144105188
1701944391277865888,-3.1439608609164735e-05,-0.0036128100412504316,15.995855963845072
1701944391279014482,-3.2343887386487823e-05,-0.0036300319414682477,15.99579801882903
1701944391280282540,-3.335431724865592e-05,-0.0036490463984039418,15.995734071144623
1701944391281467405,-3.43091763151951e-05,-0.003666820272100262,15.995674318162598
1701944391282869317,-3.5450564241028454e-05,-0.0036878496254347075,15.995603637495114
1701944391284137757,-3.64932987214687e-05,-0.0037068741645921673,15.995539701008488
1701944391285501355,-3.762423613972342e-05,-0.0037273208287497894,15.995470983203715
1701944391287415971,-3.9228785748563096e-05,-0.003756023632425687,15.9953745092462
1701944391288668422,-4.028808143251768e-05,-0.0037747921997601792,15.995311421206734
1701944391289949795,-4.1379340035045136e-05,-0.003793993640488418,15.995246878907212
1701944391291207550,-4.24570840338829e-05,-0.003812836725113875,15.995183547279382
1701944391292497340,-4.3569004939631063e-05,-0.0038321626205657685,15.995118604346661
1701944391293777720,-4.4679114909950747e-05,-0.003851347185240049,15.995054150727478
1701944391295125327,-4.5854760585764073e-05,-0.003871541059577099,15.994986322060198
1701944391296845194,-4.736788536101768e-05,-0.0038973176634473075,15.994899762459273
1701944391298695096,-4.901420511921799e-05,-0.003925042262425188,15.994806681412953
1701944391300177500,-5.035012545834338e-05,-0.00394725931948181,15.99473210007919
1701944391301638697,-5.1683129530148265e-05,-0.003969151507949758,15.994658608488075
1701944391302925190,-5.287129252297323e-05,-0.003988423769818698,15.994593902248516
1701944391304611262,-5.444918074711039e-05,-0.004013671564333737,15.994509103368065
1701944391306138962,-5.426200802701939e-12,-0.0034092072634155936,15.999999996442513
1701944391308017208,-4.505935451027999e-08,-0.0034412921575755597,15.999999990303593
1701944391309558957,-9.431969593057466e-08,-0.0034557943123068847,15.999999982814968
1701944391310909227,-1.5109405456793241e-07,-0.003468488571665802,15.999999970354335
1701944391312148760,-2.1432534336511338e-07,-0.0034801344623240963,15.999999952627954
1701944391313372782,-2.8834456942084276e-07,-0.0034916298237556683,15.999999929062513
1701944391314810991,-3.931416900819485e-07,-0.003505129460208547,15.999999895159092
1701944391315915250,-4.892007084323426e-07,-0.0035154903452665237,15.999999866265457
1701944391317360812,-6.393131830404219e-07,-0.0035290429872238886,15.999999827967493
1701944391318585572,-7.899775999150801e-07,-0.0035405168310667003,15.999999797033883
1701944391320145796,-1.0140752098077185e-06,-0.0035551214005468267,15.99999976174321
1701944391321587331,-1.2520673581539773e-06,-0.003568603550897072,15.999999734123344
1701944391322824324,-1.4779381149924059e-06,-0.0035801650728228235,15.999999714582842
1701944391323833578,-1.6752481004585742e-06,-0.0035895941767509223,15.999999701751303
1701944391325487814,-2.01988096927715e-06,-0.003605044801811356,15.999999688249346
1701944391326939270,-2.3411918802625746e-06,-0.003618595919048192,15.999999685884125
1701944391327902159,-2.5627833914293757e-06,-0.0036275827290303364,15.999999690286288
1701944391329690547,-2.9903566674762416e-06,-0.0036442775369925065,15.99999971322779
1701944391331216364,-3.371550182495542e-06,-0.0036585246413311837,15.999999748316293
1701944391332689420,-3.7545680372088927e-06,-0.0036722832569901654,15.999999795034045
1701944391334262088,-4.179952545541151e-06,-0.0036869742850072704,15.999999856967241
1701944391335763405,-4.600952643362681e-06,-0.003701002842997182,15.999999925599674
1701944391338031570,-5.259918359010692e-06,-0.0037222014384069614,16.000000043006736
1701944391339893116,-5.81793893475274e-06,-0.003739604157463094,16.00000014988497
1701944391341211234,-6.221032124422628e-06,-0.003751928222726061,16.000000230402335
1701944391342376924,-6.583205198263538e-06,-0.003762825626007311,16.000000304077155
1701944391343670989,-6.993623246483616e-06,-0.003774924017824494,16.00000038733947
1701944391344848198,-7.376999844583903e-06,-0.003785927915891486,16.00000046354298
1701944391346081589,-7.791724227891061e-06,-0.0037974587496623275,16.000000543717388
1701944391347575820,-8.314520702823258e-06,-0.0038114342050952358,16.00000064277663
1701944391348888670,-8.792630995078443e-06,-0.003823716677121231,16.000000733883773
1701944391349976918,-9.20174661504255e-06,-0.0038339060022041455,16.000000814675705
1701944391351468631,-9.778200229104867e-06,-0.003847879677458825,16.000000937253255
1701944391353056992,-1.0407645275539775e-05,-0.003862771765652806,16.00000108643935
1701944391354236659,-1.0882451721406083e-05,-0.003873838762404419,16.00000121124437
1701944391355659286,-1.1460058325345498e-05,-0.003887190863868083,16.000001378400544
1701944391356917639,-1.197479333956773e-05,-0.0038990069315895503,16.000001540843662
1701944391358163032,-1.2488866185332715e-05,-0.003910708565353445,16.00000171325277
1701944391359550579,-1.306960118306435e-05,-0.003923751946211093,16.000001915401903
1701944391360718749,-1.356736128278556e-05,-0.0039347431357166845,16.000002090951167
1701944391361971522,-1.4111693839779103e-05,-0.0039465382233802694,16.000002281872156
1701944391362977561,-1.4556820762828e-05,-0.003956013329764801,16.00000243626615
1701944391364294945,-1.5149897119825721e-05,-0.003968431120664737,16.00000264021358
1701944391366023270,-1.5942930478823325e-05,-0.003984735536047444,16.000002912811926
1701944391367659202,-1.670754311567737e-05,-0.0040001857715170055,16.000003178986482
1701944391370448544,-1.804321571134741e-05,-0.004026583289641607,16.000003660375135
1701944391371897659,-1.875482096448308e-05,-0.00404032347211089,16.000003926628757
1701944391373100357,-1.9357158365754353e-05,-0.004051740620591346,16.000004157297962
1701944391374835563,-2.0249218957372255e-05,-0.004068235882386318,16.000004506567446
1701944391376111683,-2.092401658882397e-05,-0.004080382609770693,16.000004776288385
1701944391377463602,-2.1656657658933463e-05,-0.00409325949261351,16.000005074614453
1701944391378669481,-2.2325844360201428e-05,-0.00410475413410901,16.0000053522546
1701944391380211551,-2.3203422033913728e-05,-0.004119461071705025,16.000005723057562
1701944391381682151,-2.406406085428777e-05,-0.004133492108995697,16.000006091808245
1701944391383081591,-2.4906105886551312e-05,-0.004146849330230831,16.00000645426435
1701944391384457165,-2.5756800524285737e-05,-0.004159980064590836,16.000006819438198
1701944391385846734,-2.6639616665951166e-05,-0.004173249028560426,16.00000719665653
1701944391387319824,-2.7599481113867642e-05,-0.004187322963591111,16.0000076068169
1701944391388682441,-2.8506395785290657e-05,-0.004200346966541196,16.000007997601735
1701944391390153513,-2.9502989015805867e-05,-0.00421441688448362,16.000008434475472
1701944391391361152,-3.0333227739003927e-05,-0.004225976684037355,16.00000880620811
1701944391392527850,-3.1144418843953666e-05,-0.004237147580795036,16.000009176919267
1701944391394222982,-3.2338693446078284e-05,-0.004253387588431308,16.00000973515326
1701944391395860784,-3.351022768988336e-05,-0.004269082232006222,16.000010294452633
1701944391397266253,-3.453044005079861e-05,-0.004282551984792886,16.000010787939896
1701944391399339445,-3.606270585875443e-05,-0.0043024152554684185,16.00001153429099
1701944391401256160,-3.750974684027048e-05,-0.00432076414716731,16.000012240744386
1701944391403269345,-3.906270504525761e-05,-0.004340015091657589,16.000012997617723
1701944391404811753,-4.027634274952614e-05,-0.004354745479961241,16.000013587559774
1701944391406205115,-4.139111431183753e-05,-0.004368032982327745,16.00001412862777
1701944391407595570,-4.25223194629104e-05,-0.004381276279673822,16.000014677979447
1701944391409173008,-4.3830256934163614e-05,-0.004396281940086383,16.000015315251844
1701944391410672108,-4.509936398500188e-05,-0.004410529601169003,16.0000159367394
1701944391411938188,-4.6190867102180656e-05,-0.004422553270882224,16.00001647360213
1701944391413257733,-4.734540633284954e-05,-0.0044350804855670944,16.000017042839744
1701944391414807030,-1.3212659590554343e-13,-0.003409207564792862,15.999999999991537
1701944391415960457,-2.0252774365549976e-08,-0.0034091951804029294,16.000000009339015
1701944391417550514,-4.699406410107982e-08,-0.0034091741186115894,16.00000002121711
1701944391418952574,-7.321844162517348e-08,-0.0034091428045657526,16.000000032241037
1701944391420163254,-9.544594514178549e-08,-0.003409102315279726,16.000000041392624
1701944391421433716,-1.1849163352099725e-07,-0.003409042672589741,16.00000005109498
1701944391422743319,-1.4454505993172743e-07,-0.0034089604089864987,16.000000062261094
1701944391423877448,-1.7217928104349745e-07,-0.0034088718284194137,16.000000073718716
1701944391425478022,-2.2545319039612182e-07,-0.0034087221925565656,16.00000009380041
1701944391427069443,-2.997556772612123e-07,-0.0034085497065629547,16.00000011885331
1701944391428709672,-4.0211273715283065e-07,-0.0034083539607299472,16.000000150429617
1701944391430320024,-5.297093272370841e-07,-0.003408150231348295,16.00000018786186
1701944391432416061,-7.373014253546142e-07,-0.003407874687141907,16.000000247888213
1701944391433833771,-9.048176819088848e-07,-0.0034076827731234403,16.000000296341643
1701944391435253548,-1.0945990404373953e-06,-0.003407484815366199,16.000000350895025
1701944391436788422,-1.3235634129321028e-06,-0.003407261328418625,16.00000041502782
1701944391438013690,-1.522466053595045e-06,-0.003407074027455672,16.00000046844206
1701944391439892984,-1.8495699745728968e-06,-0.003406770643073882,16.000000550813343
1701944391441195066,-2.088982204384779e-06,-0.0034065502044562704,16.00000060740015
1701944391442111897,-2.2624622712100735e-06,-0.0034063914978526406,16.000000647000544
1701944391443738591,-2.5785339402524262e-06,-0.003406107976710498,16.000000716930785
1701944391444667290,-2.7636908748603136e-06,-0.0034059464704368,16.0000007564201
1701944391446264892,-3.0912452904371972e-06,-0.0034056716994539265,16.00000082199811
1701944391447508792,-3.3553014417051303e-06,-0.003405460867772554,16.00000087022186
1701944391448901153,-3.6626445525514313e-06,-0.0034052281900132067,16.000000921456884
1701944391450238763,-3.971806907845481e-06,-0.0034050084840167596,16.000000970034666
1701944391451648683,-4.314096030888194e-06,-0.0034047823543880687,16.000001024752066
1701944391452860320,-4.62181241566994e-06,-0.003404594312520669,16.000001078159674
1701944391454076402,-4.942900763317189e-06,-0.0034044135736561332,16.00000114040012
1701944391455315138,-5.282868322428279e-06,-0.0034042393637981395,16.00000121385693
1701944391456554867,-5.637093454060797e-06,-0.0034040757640087377,16.000001297085497
1701944391457856945,-6.025521490406875e-06,-0.0034039150423803926,16.000001393131374
1701944391459536600,-6.552216785957459e-06,-0.003403722252016225,16.000001526230932
1701944391461130057,-7.077309925314472e-06,-0.0034035520370791486,16.00000165886779
1701944391462981242,-7.714336123555e-06,-0.0034033671102679385,16.000001818111866
1701944391464265321,-8.170825738823443e-06,-0.0034032462046384476,16.000001931849045
1701944391465546834,-8.63580717047507e-06,-0.0034031316289856255,16.000002049406135
1701944391466863051,-9.121266388493488e-06,-0.0034030206876791663,16.000002176521534
1701944391468218028,-9.627905062693737e-06,-0.003402913816061067,16.000002316386155
1701944391469739167,-1.0204827182451005e-05,-0.00340280195340503,16.00000248648376
1701944391471131566,-1.0741976246206805e-05,-0.0034027054655332433,16.000002655463696
1701944391472420318,-1.1249458704164286e-05,-0.0034026191874408224,16.000002823610874
1701944391473912360,-1.1853179192100194e-05,-0.003402520817558548,16.00000303245291
1701944391475453764,-1.2497433300000053e-05,-0.0034024207076414474,16.00000326366427
1701944391476657378,-1.3015785408535607e-05,-0.0034023450373278255,16.000003454522318
1701944391477942200,-1.3583965927717359e-05,-0.0034022696269947446,16.000003667166197
1701944391479284454,-1.4193866732502912e-05,-0.0034021997385112845,16.000003897841786
1701944391480960308,-1.4979300277332416e-05,-0.0034021275811071455,16.000004196081772
1701944391482417409,-1.5684395600966764e-05,-0.0034020779084606443,16.000004462835737
1701944391483885134,-1.641546391958729e-05,-0.003402036896733543,16.00000473628518
1701944391484997160,-1.698236579117918e-05,-0.0034020085913066813,16.0000049452496
1701944391486760155,-1.7899521605903702e-05,-0.003401959777347452,16.000005277111256
1701944391488253120,-1.8691139548205244e-05,-0.003401909144204422,16.000005557968134
1701944391489769248,-1.9506909656617107e-05,-0.0034018448048146518,16.00000584284788
1701944391491919687,-2.0685754433092983e-05,-0.0034017301856540698,16.000006247083288
1701944391493551640,-2.1600675401215326e-05,-0.0034016278234025874,16.000006554481992
1701944391495200140,-2.2547973023427838e-05,-0.0034015167078229897,16.00000686596417
1701944391496824801,-2.3509085075213623e-05,-0.003401405684391673,16.00000717435197
1701944391498597263,-2.4592509919113134e-05,-0.0034012894447806793,16.000007513822286
1701944391500222006,-2.5618672864308715e-05,-0.0034011915997516754,16.000007830569878
1701944391501499567,-2.644721150418575e-05,-0.00340112193736554,16.00000808623912
1701944391503186917,-2.7568757955965526e-05,-0.003401039506271091,16.000008437527267
1701944391504394441,-2.8389619307430627e-05,-0.0034009864666434955,16.000008700112208
1701944391505869171,-2.941103535569031e-05,-0.003400927639566523,16.000009033842012
1701944391507267854,-3.039787506444686e-05,-0.003400877763728095,16.00000936255971
1701944391508522320,-3.12964976594195e-05,-0.0034008378770528443,16.00000966572319
1701944391509945752,-3.233119989257801e-05,-0.003400797629175242,16.000010017405206
1701944391511458885,-3.34479077750806e-05,-0.0034007597713193323,16.000010398718572
1701944391512905193,-3.453225229604894e-05,-0.003400727332091342,16.000010770328693
1701944391514411144,-3.5680186443759795e-05,-0.0034006964571994002,16.000011165496126
1701944391515922305,-3.6851955392948954e-05,-0.0034006677627753494,16.000011571203864
1701944391517352600,-3.7978853037359636e-05,-0.0034006422448364924,16.000011963618984
1701944391518369482,-3.8789230125308496e-05,-0.0034006246445350435,16.00001224684918
1701944391520033933,-4.012791456594159e-05,-0.0034005945738905066,16.000012715490215
1701944391521408438,-4.124260822095767e-05,-0.003400566307553974,16.000013106134777
1701944391523777477,-4.317996245968734e-05,-0.0034005030058784098,16.00001378737917
1701944391525335511,2.4331970019018066e-12,-0.001704574767593343,15.999999999997225
1701944391526785390,-1.749314717293234e-08,-0.0016581667117137923,16.000000012088318
1701944391527976102,-3.467539245668983e-08,-0.0016397860743660047,16.00000002402499
1701944391528895943,-5.2882483146541704e-08,-0.0016255837456015608,16.000000036585416
1701944391530688564,-1.0245596725580214e-07,-0.001597902435320199,16.00000006906154
1701944391531845039,-1.444123981666303e-07,-0.0015800440890652166,16.000000094728136
1701944391533252593,-2.0545004101213334e-07,-0.0015583159058621782,16.000000128818264
1701944391534271869,-2.562180573580669e-07,-0.0015425790176962558,16.000000154578828
1701944391535669959,-3.3491740722135777e-07,-0.0015210013061673965,16.000000191097776
1701944391537562288,-4.599628574930822e-07,-0.0014918014927914902,16.000000245105447
1701944391538898682,-5.628890969884667e-07,-0.0014711847293057334,16.000000288754705
1701944391540226304,-6.793044345285525e-07,-0.0014507065265135853,16.000000339192425
1701944391541193668,-7.738956120556849e-07,-0.0014357827437287488,16.000000381271523
1701944391543151326,-9.90843759499492e-07,-0.0014055842730546593,16.000000480990792
1701944391544345402,-1.1392453530416428e-06,-0.0013871632328846283,16.00000055151331
1701944391545567119,-1.3022798729038217e-06,-0.0013683118331461192,16.000000631787643
1701944391546869330,-1.4873265685770075e-06,-0.0013482117589766608,16.00000072737387
1701944391548066315,-1.6673567343403028e-06,-0.0013297293089995176,16.00000082515899
1701944391549220979,-1.8505264318025378e-06,-0.0013118971508651073,16.00000092877356
1701944391550267700,-2.025559844859313e-06,-0.00129572898372291,16.000001030373788
1701944391552373722,-2.4071990004691866e-06,-0.0012631874157033006,16.00000125546326
1701944391554346066,-2.8021023916266813e-06,-0.0012326976391100616,16.00000149031338
1701944391556059623,-3.174845079577365e-06,-0.001206201829953775,16.000001712552166
1701944391557447053,-3.496272075887412e-06,-0.0011847438588804505,16.00000190466522
1701944391558829110,-3.833181044562461e-06,-0.00116336257661685,16.000002106844878
1701944391560082433,-4.152429837604652e-06,-0.0011439695448300672,16.000002299450426
1701944391561543012,-4.539736591261115e-06,-0.0011213670563682608,16.00000253459535
1701944391562713066,-4.860897620576805e-06,-0.0011032558063119333,16.000002730856668
1701944391563931147,-5.204249036464012e-06,-0.001084400310174524,16.000002942253673
1701944391565285404,-5.595587388897715e-06,-0.0010634342551890089,16.00000318589932
1701944391566663544,-6.0034290857343805e-06,-0.001042095806383972,16.00000344369235
1701944391567971121,-6.399269775486653e-06,-0.0010218445168241447,16.000003698077535
1701944391569286100,-6.806434707469556e-06,-0.0010014827773064327,16.000003963730567
1701944391570559390,-7.2107488294559064e-06,-0.0009817661374871714,16.000004230321675
1701944391571810288,-7.6194965969571925e-06,-0.0009624046694316378,16.00000450056449
1701944391573356345,-8.144410549459744e-06,-0.0009384781456132621,16.00000484498655
1701944391574877442,-8.685201027621072e-06,-0.0009149479032314127,16.000005193961158
1701944391576155418,-9.159839408572166e-06,-0.0008951862346210888,16.000005494319716
1701944391577345401,-9.618871007911041e-06,-0.0008767898961585305,16.000005779565566
1701944391578670643,-1.0148782451976915e-05,-0.0008563037255638494,16.000006103381235
1701944391579934291,-1.0670953874168445e-05,-0.0008367729237066762,16.000006418118712
1701944391581129156,-1.1178645008858555e-05,-0.0008183046604358536,16.000006721342803
1701944391582818012,-1.1918427944513422e-05,-0.0007921872171930018,16.000007160027636
1701944391584365320,-1.2618657754148204e-05,-0.0007682488779367886,16.00000757230067
1701944391586942290,-1.3831253665316593e-05,-0.0007283653289560223,16.000008278388275
1701944391588354639,-1.4519099864156862e-05,-0.0007064987144822776,16.000008674320103
1701944391589610886,-1.5142287611546653e-05,-0.0006870503834755868,16.00000903065438
1701944391590926339,-1.5803580159157515e-05,-0.0006666866127103373,16.000009407856226
1701944391592205156,-1.64525846177779e-05,-0.0006468997718138533,16.000009779017596
1701944391593432119,-1.7080127264579194e-05,-0.0006279142477142244,16.000010140358775
1701944391594757602,-1.7762650720952498e-05,-0.0006074125321014975,16.000010537053445
1701944391596081671,-1.8449443701666296e-05,-0.0005869311504591405,16.000010940288675
1701944391597377119,-1.912607591230774e-05,-0.0005668957405297693,16.000011341492616
1701944391598663220,-1.9803126223590052e-05,-0.0005469980150301963,16.000011747093822
1701944391599971011,-2.049801485837667e-05,-0.0005267640742284301,16.0000121681567
1701944391601239735,-2.1180664259451914e-05,-0.0005071305942369299,16.000012586598565
1701944391602476269,-2.1857212517692796e-05,-0.00048798829938511773,16.000013005296168
1701944391603625898,-2.2498771108964178e-05,-0.00047019187368736086,16.000013404731593
1701944391604902756,-2.3227942853919782e-05,-0.0004504294028112357,16.000013859690757
1701944391606073729,-2.391270546075006e-05,-0.0004323082369913524,16.00001428663498
1701944391607245852,-2.461272959553441e-05,-0.00041416858390787954,16.000014722172768
1701944391608595976,-2.5434293785037355e-05,-0.00039328124037562223,16.000015232157892
1701944391609706467,-2.6120200437239574e-05,-0.0003761069823057208,16.000015657273387
1701944391610960547,-2.6904019367633967e-05,-0.0003567096039275051,16.000016142904954
1701944391612399156,-2.7813573243033655e-05,-0.0003344556781299996,16.000016706957176
1701944391614032191,-2.8858582627298712e-05,-0.0003091855230914125,16.000017356351805
1701944391615874831,-3.0052896856968834e-05,-0.00028066398570581006,16.000018099945347
1701944391617832840,-3.134129742728727e-05,-0.00025033593775748193,16.000018900780493
1701944391620126349,-3.288201269179115e-05,-0.0002147949521888181,16.00001984757458
1701944391621548546,-3.3859863970628285e-05,-0.0001927417227894917,16.00002043692084
1701944391622912234,-3.481875840717455e-05,-0.0001715976214835072,16.000021001057274
1701944391624193928,-3.5742657647321946e-05,-0.00015172123098816854,16.000021529509443
1701944391625455502,-3.66741422139104e-05,-0.00013215786710732438,16.00002204778867
1701944391626746779,-3.764795543927166e-05,-0.00011214085450497845,16.00002257698277
1701944391627898279,-3.8530637184448405e-05,-9.429838324584707e-05,16.00002304896604
1701944391629416955,-3.9711198872797556e-05,-7.076946806041753e-05,16.00002367437875
1701944391630794749,1.08410014228481e-12,-0.0010228150584569262,16.00000000000304
1701944391632030222,-2.419044634104367e-08,-0.0010059298410261483,16.000000010594885
1701944391633329057,-5.4794837214552486e-08,-0.0009975434091803147,16.000000024388132
1701944391634804321,-1.0601505983371999e-07,-0.0009880223509656152,16.000000048218496
1701944391636292799,-1.75648196545248e-07,-0.0009784172288531772,16.000000080980247
1701944391637684537,-2.5626785111738663e-07,-0.0009694366957380144,16.00000011886183
1701944391639094967,-3.5257053292327646e-07,-0.0009603375614291742,16.00000016379348
1701944391640532499,-4.662929702141079e-07,-0.0009510661323491516,16.00000021634624
1701944391641866772,-5.872040604757295e-07,-0.0009424618485833369,16.000000271719962
1701944391643410401,-7.473178537336864e-07,-0.0009325068830958824,16.00000034464692
1701944391645254857,-9.681334509381145e-07,-0.0009206125115489932,16.000000445443327
1701944391646943079,-1.1980807401182221e-06,-0.0009097223796226595,16.000000551662165
1701944391648688996,-1.4622549159402781e-06,-0.0008984546904940143,16.000000676210714
1701944391650142870,-1.7006587280559093e-06,-0.0008890663510361962,16.000000791175022
1701944391651692881,-1.9698693908083296e-06,-0.0008790519429375616,16.000000923659684
1701944391653269940,-2.255843616818861e-06,-0.0008688581205152163,16.000001066603666
1701944391654563770,-2.4970863018384342e-06,-0.0008604965326339585,16.000001187922994
1701944391655800368,-2.732267211743963e-06,-0.0008525061175671657,16.000001305445792
1701944391657126667,-2.9900574732779655e-06,-0.0008439418941328316,16.000001431547656
1701944391658265706,-3.2175137107451235e-06,-0.0008365928266082384,16.00000153923496
1701944391659811646,-3.5385745854610836e-06,-0.0008266226302931016,16.000001684773313
1701944391660991106,-3.7946545231435888e-06,-0.0008190205667827896,16.000001796139887
1701944391662193185,-4.066751128898897e-06,-0.0008112740037615575,16.000001911437366
1701944391663580614,-4.39496848032088e-06,-0.000802334517388831,16.000002048885733
1701944391664699162,-4.669989968309087e-06,-0.0007951289977731978,16.000002164586476
1701944391666138514,-5.035443779854657e-06,-0.0007858595931766757,16.000002321976805
1701944391667505848,-5.392497927337166e-06,-0.0007770597110628777,16.000002481524326
1701944391668864353,-5.755236431579384e-06,-0.0007683231049853448,16.00000265011919
1701944391670163238,-6.109252852491506e-06,-0.0007599748352116241,16.000002820258597
1701944391671541744,-6.493471979315553e-06,-0.0007511171631413451,16.00000300931015
1701944391672863808,-6.871253330903812e-06,-0.0007426213520466231,16.000003197794875
1701944391674445759,-7.336623292264412e-06,-0.0007324479853488407,16.000003431742137
1701944391675890124,-7.77483040878917e-06,-0.000723153001722117,16.000003653129482
1701944391677746480,-8.357827925022385e-06,-0.0007111961085686149,16.000003948938502
1701944391679463359,-8.917863592573456e-06,-0.0007001296639179374,16.000004234203065
1701944391680839275,-9.38190480251754e-06,-0.0006912581625348596,16.000004471269623
1701944391682158520,-9.83987387393045e-06,-0.0006827530316707418,16.000004706052742
1701944391683612021,-1.0358933779955616e-05,-0.0006733840854490345,16.00000497376051
1701944391684990951,-1.0864177756381217e-05,-0.0006645016505200142,16.000005236630276
1701944391686733026,-1.1518489342182444e-05,-0.0006532816690539001,16.000005581356973
1701944391688031059,-1.2016663427471945e-05,-0.0006449212343451955,16.00000584764111
1701944391689318910,-1.2519988727655814e-05,-0.0006366200642775166,16.00000612076662
1701944391690653007,-1.3051736056658877e-05,-0.000628012573491893,16.00000641435273
1701944391692045549,-1.3619239169878724e-05,-0.0006190210176319907,16.00000673329958
1701944391693217345,-1.4107639503199611e-05,-0.000611448823858572,16.000007011686634
1701944391694571900,-1.4685097790096742e-05,-0.0006026933474690882,16.00000734400764
1701944391695770247,-1.520741446197643e-05,-0.0005949495416608207,16.000007646507534
1701944391697163533,-1.5828195328243355e-05,-0.0005859472454433096,16.000008007577804
1701944391698808581,-1.657979735897653e-05,-0.0005753191077424675,16.00000844642327
1701944391700159293,-1.721215892717409e-05,-0.0005665917082861641,16.000008816585698
1701944391701437853,-1.7823526714080627e-05,-0.0005583262181857768,16.00000917468236
1701944391702820963,-1.8498408425714274e-05,-0.0005493809675436183,16.000009569614456
1701944391704122751,-1.91464388547871e-05,-0.0005409577329692123,16.000009947815293
1701944391705483022,-1.9837633330242183e-05,-0.0005321544780540467,16.00001034906377
1701944391707236551,-2.0752024587235934e-05,-0.0005208040339139811,16.000010875084573
1701944391708787728,-2.1583569623309635e-05,-0.00051076182956439,16.00001134882604
1701944391710329550,-2.2430584453024575e-05,-0.000500774705221449,16.000011828527896
1701944391711798910,-2.3255408362325268e-05,-0.0004912492162085602,16.000012295279923
1701944391713171514,-2.4040641028833124e-05,-0.00048234331645714005,16.000012741425312
1701944391714222413,-2.4651564235620762e-05,-0.0004755199915690723,16.00001309081599
1701944391715953115,-2.5677033273278655e-05,-0.00046428076447691826,16.00001368313744
1701944391717144197,-2.6397309509875447e-05,-0.0004565467171053422,16.000014103243387
1701944391718273299,-2.7091149814859264e-05,-0.00044921954228690597,16.000014509792607
1701944391720028836,-2.8190770254494833e-05,-0.00043784138340700966,16.00001515356486
1701944391721333529,-2.9024165843563365e-05,-0.0004293970872652092,16.000015638695096
1701944391722665060,-2.9888801723714068e-05,-0.00042078815558710734,16.000016137628755
1701944391723905901,-3.070705865720974e-05,-0.00041277361976570654,16.000016605157533
1701944391725211643,-3.158090901840578e-05,-0.0004043435028706554,16.000017099758058
1701944391726327768,-3.2337492435106064e-05,-0.000397140868358166,16.000017524751378
1701944391727658459,-3.325078926617911e-05,-0.0003885533428007146,16.000018035218055
1701944391729213497,-3.433294295706459e-05,-0.00037852117611819093,16.00001863901683
1701944391730578258,-3.5296164662185283e-05,-0.0003697173612344525,16.000019177921118
1701944391731991112,-3.630664745652848e-05,-0.0003606023371826455,16.000019746863046
1701944391733140466,-3.7138436224903756e-05,-0.0003531849565671055,16.000020218426148
1701944391734232421,-3.7936422434213814e-05,-0.0003461349707480431,16.000020673122485
1701944391735820878,-1.370084797838126e-12,-0.002045511004651423,15.99999999999945
1701944391736913208,-2.240667474504286e-08,-0.002071598744884336,16.00000001603311
1701944391738673299,-6.190226990271707e-08,-0.0020887082877210973,16.000000043495668
1701944391740261073,-1.1567702062397535e-07,-0.002104131956454377,16.000000079005886
1701944391742000055,-1.9668639777212586e-07,-0.002121010545176718,16.000000128491543
1701944391743694152,-3.0025101424074834e-07,-0.0021374380434618927,16.000000185758275
1701944391744841212,-3.8499304127246676e-07,-0.002148553380914372,16.000000228939403
1701944391746017963,-4.839754720489901e-07,-0.0021599500793094317,16.000000277047608
1701944391747265557,-6.011658912667604e-07,-0.0021720240695282996,16.00000033326762
1701944391748554829,-7.346019580955229e-07,-0.0021844931912536588,16.00000039838248
1701944391749868869,-8.834976362059291e-07,-0.002197192247947782,16.000000473091813
1701944391751112498,-1.0372947541174399e-06,-0.002209206625079697,16.00000055195889
1701944391752443196,-1.2172207077531222e-06,-0.002222061470394178,16.00000064546761
1701944391753238259,-1.3329110554727733e-06,-0.002229739035131216,16.000000706088144
1701944391754937989,-1.6031212992482444e-06,-0.002246156269370799,16.000000849215
1701944391755746528,-1.7428889162639921e-06,-0.0022539677475838294,16.00000092399832
1701944391757496302,-2.06975294869178e-06,-0.0022708677345333337,16.00000110001994
1701944391758338152,-2.2386282451349365e-06,-0.0022789981743531265,16.00000119114147
1701944391759957099,-2.5832823885950097e-06,-0.002294632517719129,16.00000137530394
1701944391760964797,-2.8107662256347453e-06,-0.00230436577915498,16.000001494753988
1701944391762468789,-3.16831269219414e-06,-0.002318891897653739,16.000001677465843
1701944391763525468,-3.4322988645119372e-06,-0.0023290982769353283,16.000001808372357
1701944391764802663,-3.7649047917052907e-06,-0.002341433745997349,16.00000196939477
1701944391766057998,-4.1053613174789945e-06,-0.0023535549097041773,16.00000213146562
1701944391767566787,-4.530842295487921e-06,-0.002368118993646711,16.00000233288563
1701944391768967736,-4.9407451006235565e-06,-0.002381638426824325,16.000002527332878
1701944391770586427,-5.431559333847977e-06,-0.0023972564381232707,16.00000276080464
1701944391772478257,-6.029306234591558e-06,-0.002415504830548974,16.000003043722188
1701944391773875171,-6.488782492087607e-06,-0.002428979026216493,16.000003258024705
1701944391774922929,-6.8446711342508695e-06,-0.0024390857841456435,16.000003420854778
1701944391776156978,-7.277577271520262e-06,-0.002450994717292837,16.000003614395478
1701944391777356163,-7.712649775069117e-06,-0.0024625718631905926,16.00000380427908
1701944391778668808,-8.203727016011287e-06,-0.002475248515756395,16.000004014625233
1701944391779961850,-8.699731277315159e-06,-0.0024877362681896666,16.000004224880687
1701944391781467251,-9.288431340915563e-06,-0.0025022755030350463,16.000004473888417
1701944391782768957,-9.805280280211314e-06,-0.0025148462935553275,16.000004692719877
1701944391783961837,-1.028546917408509e-05,-0.0025263630986537525,16.000004895639766
1701944391784947157,-1.068826494354493e-05,-0.0025358767106679458,16.000005064551583
1701944391786184814,-1.1204392046994435e-05,-0.0025478270101533993,16.000005277693838
1701944391787597725,-1.1809632041903723e-05,-0.0025614730040389635,16.000005522099034
1701944391788586060,-1.2243944202069302e-05,-0.0025710230245828774,16.00000569409728
1701944391790044754,-1.2901690413243937e-05,-0.0025851202380150927,16.00000595128437
1701944391791408799,-1.3534852527254144e-05,-0.002598308180068255,16.00000619763962
1701944391792582300,-1.4093366547883822e-05,-0.00260965876026902,16.000006415933143
1701944391793745889,-1.4659717319876242e-05,-0.0026209187633071947,16.0000066390455
1701944391795188038,-1.537882539025251e-05,-0.002634875173175927,16.00000692367678
1701944391796493148,-1.6046186326677505e-05,-0.0026475089699112488,16.000007186753678
1701944391797887561,-1.6775973150797807e-05,-0.002661006898262849,16.000007470330708
1701944391799821870,-1.7814571100099543e-05,-0.0026797214187328023,16.000007864739402
1701944391801526526,-1.8753107590439858e-05,-0.0026962038541649093,16.000008214342515
1701944391804316755,-2.0331952433014542e-05,-0.0027231605396924657,16.000008801304002
1701944391805680805,-2.1122553783608084e-05,-0.0027363306226114823,16.00000909831969
1701944391806872585,-2.182361383927861e-05,-0.0027478372975915963,16.000009365050026
1701944391808052722,-2.2527712527656475e-05,-0.0027592319342596627,16.000009635238015
1701944391809246989,-2.3251185505750563e-05,-0.0027707637654100885,16.000009912672134
1701944391810392931,-2.395696149286447e-05,-0.0027818289553903077,16.000010180123812
1701944391811715418,-2.4787234027908846e-05,-0.0027945995358928132,16.000010487370307
1701944391813037809,-2.5635000092359938e-05,-0.0028073679093059342,16.000010791174137
1701944391814194293,-2.6390140888931716e-05,-0.002818529281163024,16.000011053644187
1701944391815517377,-2.7268338048370808e-05,-0.00283129832768153,16.00001135167287
1701944391817070880,-2.8315150483983828e-05,-0.0028462856687988657,16.000011701525708
1701944391818332752,-2.9175152238579244e-05,-0.002858454415731746,16.000011988006488
1701944391819600725,-3.0045592175415723e-05,-0.0028706820309063797,16.00001228008043
1701944391820890416,-3.093470584704569e-05,-0.0028831128738551104,16.00001258253742
1701944391822191818,-3.1834913387009595e-05,-0.0028956524029506575,16.000012893733683
1701944391823513080,-3.275301406486486e-05,-0.002908380948997984,16.00001321561128
1701944391824835891,-3.367873236529145e-05,-0.0029211191664000914,16.000013542850517
1701944391826183046,-3.463173181633439e-05,-0.0029340888933850197,16.000013879840715
1701944391827546020,-3.560931313103322e-05,-0.0029472036786004473,16.000014222968517
1701944391828825027,-3.654110161956866e-05,-0.0029595017640133715,16.000014546070872
1701944391830402125,-3.7712040853947084e-05,-0.002974658130978276,16.000014946359943
1701944391832114158,-3.9011885199517144e-05,-0.0029910987833659725,16.00001538512312
1701944391833983288,-3.207133912825136e-12,-0.00238645120616958,16.00000000000429
1701944391835579248,-6.0219035473102e-08,-0.002398457048795867,16.00000001791314
1701944391837295386,-1.3341165582290598e-07,-0.002404380806145144,16.00000004123564
1701944391838516804,-2.0116786116763014e-07,-0.0024085860267530896,16.000000064998197
1701944391839776211,-2.8285338698513195e-07,-0.0024129113897959917,16.00000009638586
1701944391840975072,-3.708705018513349e-07,-0.0024170165903131193,16.000000133098435
1701944391842220749,-4.732583537743468e-07,-0.002421271308563492,16.000000178658084
1701944391843508159,-5.920057110901125e-07,-0.0024256581983418423,16.000000234061677
1701944391844769852,-7.221925626213082e-07,-0.0024299493890227787,16.00000029700606
1701944391845962658,-8.57855863038629e-07,-0.0024340006619440256,16.000000364823727
1701944391847234665,-1.0146353689895288e-06,-0.0024383157937540303,16.000000446351578
1701944391848514316,-1.1827763198815266e-06,-0.0024426516872816844,16.000000537786594
1701944391850063909,-1.3976033909101212e-06,-0.002447894491816441,16.000000659935385
1701944391851596041,-1.621398892734375e-06,-0.002453070317272379,16.00000079121643
1701944391852794803,-1.8057125570812638e-06,-0.002457113333508627,16.000000900133216
1701944391854199903,-2.0361657624403205e-06,-0.0024618459943417485,16.000001034538496
1701944391855439408,-2.2560659667779924e-06,-0.0024660172805376335,16.000001159934467
1701944391856813734,-2.521503569205868e-06,-0.0024706391104757875,16.000001307647697
1701944391858081303,-2.7876359582239517e-06,-0.002474900975527721,16.0000014525745
1701944391859485288,-3.105359369503429e-06,-0.0024796205252092247,16.000001622880777
1701944391861017274,-3.4765723958055735e-06,-0.002484769847408603,16.00000182024037
1701944391862346910,-3.81627356140191e-06,-0.002489240889314879,16.00000200116009
1701944391864126509,-4.290215657383502e-06,-0.002495228236665517,16.0000022568133
1701944391865843355,-4.764126217904257e-06,-0.002501008306202284,16.00000251724056
1701944391867173322,-5.141401966285071e-06,-0.0025054875838721037,16.000002727348306
1701944391869179069,-5.729681532424436e-06,-0.00251223826984996,16.000003055728715
1701944391870884327,-6.252314860006756e-06,-0.002517971767348712,16.000003344828226
1701944391872170102,-6.662746968819521e-06,-0.0025222883841310756,16.000003568513836
1701944391873347514,-7.052348089471448e-06,-0.0025262357059120167,16.000003777893873
1701944391874475800,-7.438558196916573e-06,-0.0025300145053714124,16.00000398312302
1701944391875550921,-7.818549986353347e-06,-0.002533613865626081,16.000004183135058
1701944391876464001,-8.150391793982436e-06,-0.0025366691388079396,16.000004355956065
1701944391877895083,-8.687419638828625e-06,-0.0025414591850598006,16.000004630019415
1701944391879053768,-9.13625231761855e-06,-0.0025453368027079618,16.000004852578027
1701944391880306385,-9.633502358220166e-06,-0.0025495265713753852,16.000005091638563
1701944391881747309,-1.0218122603207629e-05,-0.0025543399413179855,16.000005363911686
1701944391883065148,-1.0763421868557301e-05,-0.002558736238259322,16.00000561168042
1701944391884341069,-1.1301138159970708e-05,-0.002562985672871339,16.00000585263075
1701944391885780775,-1.1922002695831648e-05,-0.0025677772320158846,16.000006128684394
1701944391887113525,-1.2512548718013931e-05,-0.0025722127215783742,16.00000638960255
1701944391888382599,-1.3090928065416966e-05,-0.0025764404774999607,16.000006643082425
1701944391889836160,-1.3773373358752115e-05,-0.0025812898888643017,16.000006938383294
1701944391891136882,-1.4401964905402725e-05,-0.0025856368095070726,16.000007206030684
1701944391893033495,-1.534664628120616e-05,-0.0025919805544215068,16.000007600046153
1701944391894868059,-1.6290804365127458e-05,-0.002598116656114079,16.00000798446271
1701944391896486398,-1.7148102541459464e-05,-0.002603522892498408,16.00000832551174
1701944391897912949,-1.7923847630333454e-05,-0.0026082824474928422,16.000008627113885
1701944391899427449,-1.8768866137135033e-05,-0.0026133274238667823,16.000008947471834
1701944391900773623,-1.9538922031653273e-05,-0.0026178065556927963,16.00000923209847
1701944391902634246,-2.0630819082402327e-05,-0.002623991434640992,16.00000962581459
1701944391904214189,-2.1580035003493116e-05,-0.0026292375779534347,16.00000996152142
1701944391905506466,-2.2368545295738668e-05,-0.0026335231643016396,16.00001023810615
1701944391906800710,-2.3167358789122883e-05,-0.002637810208221651,16.00001051790942
1701944391908080267,-2.3965455039078278e-05,-0.0026420422508166047,16.00001079772411
1701944391909409101,-2.480386814476528e-05,-0.0026464309369347663,16.000011091443266
1701944391910909661,-2.5764593294548296e-05,-0.0026513823299266566,16.00001142565693
1701944391912104463,-2.6541755331856285e-05,-0.002655322115811769,16.000011692223087
1701944391913449993,-2.7432989754462888e-05,-0.00265975821848684,16.000011991283415
1701944391914885543,-2.840555892739363e-05,-0.002664488748161498,16.000012308156588
1701944391916166333,-2.9294174861174657e-05,-0.0026687068248466817,16.000012589582777
1701944391917773107,-3.0437039341226572e-05,-0.0026739934848696747,16.00001294371662
1701944391918998811,-3.132875706729241e-05,-0.0026780224535455656,16.000013216975983
1701944391920435654,-3.2393522404231865e-05,-0.0026827410348054656,16.000013543769526
1701944391921766513,-3.339652675277663e-05,-0.002687106638122237,16.00001385436849
1701944391923060138,-3.43861320878494e-05,-0.002691346119392402,16.000014164350137
1701944391924782091,-3.572609529789879e-05,-0.002696983470436864,16.000014588726344
1701944391926752701,-3.7293969703560224e-05,-0.002703430520905604,16.000015088608265
1701944391928302783,-3.855441597996753e-05,-0.0027084986702408825,16.00001549030964
1701944391929742940,-3.9747999725524414e-05,-0.0027132066503042906,16.00001586885682
1701944391931052095,-4.085123779359531e-05,-0.0027174834975597054,16.00001621690544
1701944391932434105,-4.203357772723739e-05,-0.0027219933640277682,16.000016588754903
1701944391933806940,-4.322480103349444e-05,-0.0027264677044459835,16.000016963568623
1701944391935106033,-4.43658783704355e-05,-0.0027306962247677187,16.00001732397164
1701944391936693848,-4.5777035582574646e-05,-0.0027358577349940487,16.000017772094242
1701944391938377124,1.7110306091893887e-13,-0.00034094024111661417,16.000000000004317
1701944391939680309,-3.134365502677027e-08,-0.000282414060659113,16.000000010377217
1701944391941208128,-7.252344204506933e-08,-0.00025246570633631496,16.000000022246077
1701944391942680642,-1.3062868880773822e-07,-0.0002235974537990864,16.00000003488885
1701944391943874041,-1.922821635825275e-07,-0.0002001957507873859,16.00000004468172
1701944391945064475,-2.672109190956355e-07,-0.00017685377217683632,16.00000005344492
1701944391946624983,-3.8518100655206564e-07,-0.00014625715650745026,16.00000006328205
1701944391947846913,-4.925797939899286e-07,-0.00012230150313779746,16.000000069798485
1701944391949292101,-6.361162306606298e-07,-9.397221975377975e-05,16.00000007661571
1701944391950533224,-7.739081210446188e-07,-6.965484460410308e-05,16.0000000824083
1701944391952054015,-9.62878199337447e-07,-3.9861825782653985e-05,16.00000009099654
1701944391953984311,-1.2390772654322847e-06,-2.0614839292616664e-06,16.000000106340778
1701944391955744382,-1.5309193682723075e-06,3.239800316255889e-05,16.000000125453813
1701944391957571680,-1.8787556096241993e-06,6.817729751860167e-05,16.0000001498518
1701944391958951651,-2.17339214975329e-06,9.519742486577334e-05,16.000000170339217
1701944391960163747,-2.4555603350072375e-06,0.00011893435404434935,16.000000188952853
1701944391961704080,-2.846049932564723e-06,0.00014909961152282408,16.000000212912173
1701944391963048562,-3.2166279851046895e-06,0.00017543226470912284,16.00000023429525
1701944391964246733,-3.571103526457533e-06,0.00019890035781337998,16.00000025410219
1701944391965752273,-4.0503651013482785e-06,0.00022838120275517064,16.000000280381744
1701944391967069529,-4.50136213865778e-06,0.0002541672719451031,16.000000304649657
1701944391968475765,-5.015146637334876e-06,0.00028168698039519093,16.00000033142853
1701944391969807428,-5.5310215762473755e-06,0.000307739750508998,16.00000035681224
1701944391971327227,-6.152057477081203e-06,0.0003374710164683361,16.00000038446948
1701944391972582307,-6.689129008462482e-06,0.0003620166913362789,16.000000405384817
1701944391974123735,-7.378473746659825e-06,0.0003921593692967285,16.00000042819503
1701944391975516863,-8.031505200361227e-06,0.00041940036457525085,16.000000446717447
1701944391976807963,-8.664919527648728e-06,0.0004446503035130362,16.000000463495443
1701944391977848871,-9.19676264133053e-06,0.00046500090682663546,16.0000004778508
1701944391979176921,-9.904745934814832e-06,0.000490975956224975,16.000000498562432
1701944391980332481,-1.0547733046521253e-05,0.0005135728150200139,16.000000519307623
1701944391981446212,-1.1191945072247814e-05,0.0005353601282736198,16.00000054195021
1701944391982755528,-1.1980646808476674e-05,0.000560967966101027,16.000000571882428
1701944391983919707,-1.2712140511931923e-05,0.0005837400346682803,16.000000601164444
1701944391985277298,-1.3603696091727531e-05,0.0006102963177995435,16.00000063721763
1701944391987408194,-1.5091164277936908e-05,0.0006519599463063088,16.000000693360136
1701944391988942945,-1.623080957669897e-05,0.0006819584426370461,16.00000073057438
1701944391990299142,-1.7285453688459754e-05,0.0007084621888376178,16.000000759033536
1701944391991642870,-1.8373388186625702e-05,0.0007347104908912308,16.00000078213092
1701944391992806792,-1.9349998077931518e-05,0.0007574363144162425,16.000000798111557
1701944391994009504,-2.039328084526354e-05,0.0007809207368734839,16.00000081154693
1701944391995214909,-2.1473900203371948e-05,0.0008044523057137789,16.000000823133263
1701944391996445878,-2.261429980252394e-05,0.0008284785717146227,16.000000834458085
1701944391997425582,-2.3549353698409256e-05,0.0008475981921086678,16.000000843948456
1701944391999450335,-2.556487205560515e-05,0.0008871138932165177,16.00000086679778
1701944392000576303,-2.6736275177401627e-05,0.0009090826470204745,16.000000881607537
1701944392001853948,-2.811339828629266e-05,0.0009340138533026019,16.00000090029409
1701944392003148974,-2.9563146109228355e-05,0.0009592836081829814,16.00000092130264
1701944392004400463,-3.101605566902536e-05,0.0009837016926986472,16.00000094345576
1701944392005657806,-3.2526598037144633e-05,0.0010082368185846196,16.00000096703421
1701944392006961056,-3.414451602582741e-05,0.0010336669950908044,16.000000991880558
1701944392008285201,-3.584213280386539e-05,0.0010595091455739142,16.000001016120706
1701944392009125313,-3.694686307500081e-05,0.0010759027471603476,16.000001030122117
1701944392010631000,-3.898245456988386e-05,0.0011052962750005718,16.000001049932163
1701944392012197413,-4.117669825132188e-05,0.0011358770969822427,16.000001061388804
1701944392013562948,-4.315557947041753e-05,0.0011625395836807433,16.00000106282138
1701944392014855068,-4.508775243460734e-05,0.0011877789312128059,16.000001056770873
1701944392016458955,-4.7570078764639356e-05,0.0012191149753961056,16.000001039768456
1701944392018237311,-5.043552894035635e-05,0.0012538760541878386,16.000001009223094
1701944392020061143,-5.3500123199636846e-05,0.0012895443633656396,16.00000096536213
1701944392021463444,-5.5942245765476554e-05,0.001316976082056413,16.00000092306995
1701944392022750745,-5.824857236152434e-05,0.0013421724631802053,16.000000877992687
1701944392023958255,-6.046452665278391e-05,0.0013658079556181284,16.000000830867748
1701944392025215474,-6.282427376278771e-05,0.0013904255840156176,16.000000777386724
1701944392026268854,-6.484215814020975e-05,0.0014110608122631665,16.00000072926156
1701944392027669878,-6.758302535304584e-05,0.0014385044765283966,16.000000660426096
1701944392028866032,-6.997715349435787e-05,0.0014619390875855874,16.000000597044796
1701944392030019936,-7.23366246480221e-05,0.001484548497194636,16.000000531715195
1701944392031326555,-7.507070371375252e-05,0.0015101496332306104,16.000000452799338
1701944392032774210,-7.818140491443292e-05,0.0015385208547171612,16.000000359355216
1701944392033929595,-8.072693997263253e-05,0.0015611688024328527,16.00000028024115
1701944392035287100,-8.378994275919419e-05,0.0015877877904760251,16.000000181798733
1701944392036635967,3.333690268281231e-11,0.0017046927559797324,16.000000000005205
1701944392037901776,-1.4153958696417577e-07,0.0017591452486841162,15.999999987506321
1701944392039147807,-3.075871979064353e-07,0.0017851044058538289,15.999999972769988
1701944392040218410,-4.992913914456753e-07,0.0018074128429026262,15.999999955942661
1701944392041752135,-8.503469375988997e-07,0.0018393825849213061,15.999999927027117
1701944392042950982,-1.1862776149608262e-06,0.0018643757101210064,15.999999902031167
1701944392044363251,-1.6508307243327927e-06,0.0018938283174306616,15.999999871970598
1701944392045681652,-2.1520716434525954e-06,0.0019213270807007265,15.99999984436788
1701944392047218287,-2.8197536768874607e-06,0.001953382306361758,15.999999812848122
1701944392048874295,-3.6407963798384674e-06,0.001987939232425679,15.999999778417264
1701944392050260746,-4.408801403737383e-06,0.0020168797618024927,15.999999747850824
1701944392051992912,-5.46966236329318e-06,0.0020530543880416937,15.999999705358507
1701944392053352624,-6.379796515916905e-06,0.002081467229968544,15.99999966741694
1701944392054643616,-7.3057176125824615e-06,0.0021084590494480477,15.999999626646675
1701944392056257441,-8.546377176682701e-06,0.002142217853313452,15.999999568800582
1701944392057591511,-9.64067539996505e-06,0.002170134477849709,15.999999516088511
1701944392058943232,-1.08121076079933e-05,0.0021984346499901654,15.999999460135912
1701944392060170685,-1.1929439098535719e-05,0.0022241361573718584,15.999999408943976
1701944392061252839,-1.2956635356587618e-05,0.002246802449153392,15.999999364565419
1701944392062316907,-1.4004842799577174e-05,0.0022690949633339644,15.999999321927808
1701944392063561675,-1.52790906698133e-05,0.0022951829583210907,15.999999272816606
1701944392065242972,-1.708268862653816e-05,0.002330438979079152,15.999999206258593
1701944392066365289,-1.8339590502511568e-05,0.0023539839278432033,15.99999916103856
1701944392067607729,-1.9781019802144736e-05,0.0023800602614273475,15.999999109958434
1701944392069364085,-2.190848383441945e-05,0.0024169387389906707,15.99999903645623
1701944392070583248,-2.3446688057499782e-05,0.002442545342606741,15.999998985059305
1701944392071463647,-2.458787670888361e-05,0.0024610340650406816,15.999998948055142
1701944392073201014,-2.6912718036025622e-05,0.0024975323534160306,15.999998875500742
1701944392074231312,-2.833542736764261e-05,0.0025191850813286176,15.999998832682955
1701944392075553605,-3.02051937629363e-05,0.0025469771510593675,15.999998777982743
1701944392076739280,-3.1921243881857724e-05,0.0025719046008440003,15.99999872967903
1701944392078191198,-3.4070304257974166e-05,0.0026024376193464743,15.999998673061246
1701944392080059747,-3.691037882806031e-05,0.0026417352921449433,15.999998607752735
1701944392081897187,-3.978465689703335e-05,0.002680384225012613,15.999998556082968
1701944392083419468,-4.222741325246317e-05,0.0027124063068480766,15.999998526060935
1701944392084729096,-4.437396575551831e-05,0.00273995975717465,15.999998511402907
1701944392086836733,-4.791652287757943e-05,0.0027843229948494213,15.99999851079555
1701944392088107411,-5.010460518385792e-05,0.0028110835050910027,15.999998523611279
1701944392089397189,-5.236651468917544e-05,0.002838267717366193,15.999998545209117
1701944392090916409,-5.508379854284463e-05,0.0028703082608381994,15.999998578840996
1701944392092138174,-5.7311712904184044e-05,0.002896093879672905,15.999998610030076
1701944392093416976,-5.9683954990816174e-05,0.0029230869923637997,15.999998644446022
1701944392094715600,-6.213569846641687e-05,0.0029505080280502437,15.99999868029337
1701944392096026413,-6.465253860188617e-05,0.002978186130127528,15.999998717655346
1701944392097201465,-6.69433889535721e-05,0.0030029922412791376,15.999998753079957
1701944392098935543,-7.03836670592217e-05,0.003039601063467312,15.999998811345215
1701944392100599465,-7.374948633774422e-05,0.003074718839086284,15.999998876504675
1701944392101790403,-7.619716429312735e-05,0.003099850890738228,15.99999893006268
1701944392103059065,-7.883980259212428e-05,0.003126623055293314,15.999998994073199
1701944392104155043,-8.115176786492088e-05,0.0031497537569494553,15.999999054710928
1701944392105908431,-8.490334627246466e-05,0.003186761620899702,15.999999159297277
1701944392107227649,-8.776593191080277e-05,0.0032146102838111557,15.999999242342204
1701944392108535710,-9.063413361727955e-05,0.0032422322383186984,15.999999326821207
1701944392110260659,-9.445448114469688e-05,0.003278662810720563,15.999999440677959
1701944392111926509,-9.818161893102952e-05,0.003313856136863142,15.99999955450383
1701944392114050960,-0.0001029860492640358,0.003358754149734941,15.99999971026753
1701944392115541712,-0.00010639228221256631,0.003390276523043175,15.999999830221451
1701944392116952936,-0.00010964330753397364,0.0034201255467558164,15.999999954780273
1701944392118770395,-0.0001138690485601849,0.003458582625612274,16.000000132736577
1701944392120261532,-0.00011736796577089269,0.0034901447607331867,16.000000293043534
1701944392121507954,-0.00012031359473717906,0.003516534939384997,16.000000435884743
1701944392122857861,-0.00012352244378700794,0.003545118882913598,16.00000059841275
1701944392124202360,-0.00012673506638438166,0.0035735867929655813,16.000000767518024
1701944392125624338,-0.0001301497680898276,0.003603698045294767,16.000000953628746
1701944392127173957,-0.00013388829646598024,0.003636500883658254,16.000001164320683
1701944392128626868,-0.00013741041837949408,0.003667256134769405,16.00000136912092
1701944392129991815,-0.00014073273992603228,0.0036961471766034783,16.000001568079522
1701944392131917875,-0.00014543944564986136,0.0037369161310711425,16.00000186098166
1701944392133262435,-0.00014873473576544206,0.0037653717382013477,16.000002074779495
1701944392134488265,-0.0001517444193833969,0.0037913194703921758,16.000002277185008
1701944392135794279,-0.00015495344416553586,0.003818957654699371,16.00000250101386
1701944392137120085,-0.00015821415879296977,0.0038470184770492606,16.000002737303173
1701944392138496389,-0.00016160132273184953,0.0038761452562357333,16.000002992896274
1701944392139726625,-0.00016463034305108336,0.003902173609263938,16.000003231111478
1701944392140979501,-0.00016771622044720136,0.003928673708755803,16.000003484245468
1701944392142931517,-5.3092841348400047e-11,0.0030683880845064223,15.999999999990175
1701944392144698452,-2.920752468821176e-09,0.0031160594290255807,16.000000051938652
1701944392146563104,-5.938249464331194e-09,0.0031399333811524275,16.000000116907728
1701944392147852363,-7.747435370515411e-09,0.003156431614369191,16.000000176217878
1701944392149090077,-7.97534759244162e-09,0.003172262379979845,16.000000242438446
1701944392150342348,-5.254936841817841e-09,0.0031882788645267056,16.000000316689672
1701944392151941931,4.18907950149797e-09,0.0032087317353422257,16.000000419973283
1701944392153433387,1.9652883424988957e-08,0.003227798029601546,16.000000524383942
1701944392154657533,3.7104879982526215e-08,0.003243448345233273,16.000000616554555
1701944392155954305,5.985724960441344e-08,0.0032600225708189407,16.000000721855773
1701944392157180138,8.505089380020739e-08,0.0032756855375439937,16.000000830085437
1701944392158316067,1.1155715468794711e-07,0.00329019958303622,16.000000939205865
1701944392159664786,1.4743493207259667e-07,0.0033074256162670583,16.000001080923543
1701944392160972642,1.8764169707248643e-07,0.0033241220586858918,16.000001231365996
1701944392162276591,2.3398605322623776e-07,0.0033407638764271163,16.00000139406851
1701944392163578082,2.868776668086549e-07,0.003357369817323611,16.00000156882353
1701944392164915858,3.476615078514971e-07,0.003374433180329478,16.000001761017437
1701944392166240100,4.131082813166682e-07,0.003391321665186747,16.00000196367111
1701944392167544173,4.814106532408113e-07,0.003407944142114635,16.00000217496931
1701944392168883583,5.546703085003699e-07,0.0034250144907563237,16.00000240351273
1701944392170143674,6.263519806824303e-07,0.003441068109857423,16.000002628021836
1701944392171396835,7.009252929263081e-07,0.003457028528678163,16.000002859053197
1701944392172829027,7.915285923245827e-07,0.003475262555238511,16.0000031310213
1701944392174702622,9.213662239624454e-07,0.0034991068240935947,16.000003498186818
1701944392176537137,1.0640654052654515e-06,0.003522439286803385,16.000003870028408
1701944392177916386,1.1841322902184407e-06,0.0035399771459958874,16.000004158411986
1701944392179425079,1.3314724108596185e-06,0.003559157903324371,16.000004484102323
1701944392180634999,1.4637080592162259e-06,0.003574538734905636,16.000004754380598
1701944392181959073,1.6243233354790479e-06,0.003591368586084749,16.00000506137408
1701944392183441321,1.8242444682439137e-06,0.003610202300769567,16.00000542138407
1701944392184763477,2.019716678029624e-06,0.003626993838640636,16.00000575910346
1701944392186749923,2.3397014196168475e-06,0.0036522101482278717,16.000006299733435
1701944392188433782,2.63118333160958e-06,0.003673570140363976,16.000006790765784
1701944392189932938,2.9015477043855032e-06,0.0036925705826609118,16.000007252892605
1701944392191314348,3.156399426639317e-06,0.003710073957111704,16.000007697764328
1701944392192632740,3.4030345090959362e-06,0.003726765926546561,16.000008136198876
1701944392194249178,3.7109885603283347e-06,0.003747226125079952,16.00000868818195
1701944392195603403,3.97605816441992e-06,0.0037643613318773927,16.000009160538205
1701944392197183922,4.297881085668773e-06,0.003784355607565059,16.000009722038097
1701944392198779236,4.639904824159495e-06,0.0038045380029806896,16.00001030048884
1701944392200219852,4.964968464921655e-06,0.0038227602048090076,16.00001083376199
1701944392201678207,5.308909516354382e-06,0.0038412100532147545,16.000011385232145
1701944392203287344,5.70212030773609e-06,0.003861568076053676,16.00001200818247
1701944392204640554,6.040734909356906e-06,0.0038786900216297784,16.000012544917194
1701944392207032992,6.6513936249420905e-06,0.003908952943442274,16.00001352683046
1701944392208740286,7.096993131861697e-06,0.003930542245888953,16.000014255874266
1701944392209747457,7.365203735227903e-06,0.0039432742693182934,16.000014697874608
1701944392211486268,7.843042235156305e-06,0.003965237022257917,16.000015480768347
1701944392212771525,8.210814472957061e-06,0.00398145553768161,16.00001607367524
1701944392214083051,8.600557335042418e-06,0.0039979960202730265,16.000016688183038
1701944392215469306,9.02822765557469e-06,0.004015468774645937,16.00001734551716
1701944392216647174,9.403466416615523e-06,0.004030304782008856,16.00001790962504
1701944392217946235,9.829332628720856e-06,0.0040466645721078665,16.000018538989217
1701944392219534844,1.0367301471304457e-05,0.004066666684463853,16.000019321288477
1701944392221079856,1.090999725645946e-05,0.004086119762968502,16.000020097279517
1701944392222311026,1.1357599834315849e-05,0.004101623146720894,16.000020726548218
1701944392223602136,1.184268239660765e-05,0.004117880498256722,16.000021395720434
1701944392224953420,1.2368282800816714e-05,0.004134897076151033,16.00002210465759
1701944392226269035,1.2897063889811493e-05,0.004151462532181167,16.00002280164609
1701944392227706709,1.3492665273260338e-05,0.004169563840178452,16.000023569946134
1701944392229099111,1.4085690387620446e-05,0.004187092887419585,16.000024320486453
1701944392230474769,1.4686451036914951e-05,0.004204408526938753,16.000025068568576
1701944392232027512,1.5382271222555827e-05,0.004223947606802199,16.000025921049204
1701944392233176728,1.5909544365510795e-05,0.004238402415611052,16.000026557223613
1701944392234747650,1.664761228759559e-05,0.00425815563415434,16.000027433108958
1701944392236349336,1.7420445869182818e-05,0.004278290461676493,16.000028332578104
1701944392238130352,1.8302887757977067e-05,0.004300677935267055,16.000029339996235
1701944392240120771,1.9316701523449384e-05,0.004325703013868772,16.00003047622968
1701944392241486277,2.0028717179281374e-05,0.004342872014091513,16.000031263284523
1701944392242898384,-8.604413192283287e-12,0.0023865118454775144,16.000000000004103
1701944392244130927,2.637477254833031e-08,0.0023684756007339445,16.00000001645918
1701944392245610508,6.434855817685832e-08,0.002358384228769052,16.000000040671775
1701944392246858077,1.096377781783736e-07,0.0023498731583813026,16.00000007048571
1701944392248419545,1.8400989492889625e-07,0.0023392189655752527,16.000000121238465
1701944392250077189,2.8584229788367024e-07,0.002327906271116521,16.00000019325523
1701944392251515728,3.950870283892748e-07,0.002318092358384834,16.000000271948466
1701944392252779065,5.089002285364179e-07,0.002309476596665592,16.000000353067797
1701944392254295439,6.699287881091904e-07,0.002299143721398179,16.000000462270343
1701944392255685985,8.423420043644783e-07,0.0022896758155194746,16.000000570143033
1701944392256865079,1.0074398316375975e-06,0.002281655511026169,16.000000664690237
1701944392258191133,1.214104265720236e-06,0.0022726394678915106,16.000000772584617
1701944392259477905,1.4364920646504653e-06,0.002263893330126635,16.000000878707827
1701944392260887789,1.7063265966519807e-06,0.0022543086863477065,16.00000099774566
1701944392262108233,1.962980354008436e-06,0.0022460098132264343,16.00000110436494
1701944392263515118,2.2855530140545707e-06,0.002236439026878147,16.00000123307446
1701944392264963055,2.645663819276694e-06,0.0022265852856505892,16.000001373684906
1701944392266370205,3.019826807259032e-06,0.0022170064309785863,16.00000151992471
1701944392268649284,3.6673271698794275e-06,0.002201488987468863,16.00000178055109
1701944392270312991,4.167631211590181e-06,0.002190158939320198,16.000001990855367
1701944392271862021,4.650694761599546e-06,0.0021796078153743315,16.000002202397717
1701944392273356831,5.130930537872352e-06,0.0021694233449562504,16.00000242031212
1701944392274941972,5.655050339019002e-06,0.0021586224577272942,16.000002664584873
1701944392276066506,6.0368456914104935e-06,0.0021509567723059647,16.000002845178116
1701944392277533249,6.5485086542532174e-06,0.0021409548625220994,16.000003088552692
1701944392279071230,7.102620147200567e-06,0.0021304599031445265,16.000003352706603
1701944392280225711,7.530365094888661e-06,0.0021225770336510217,16.000003556939653
1701944392281634222,8.065201557816873e-06,0.0021129523282841737,16.000003813329748
1701944392282988730,8.591826463990502e-06,0.0021036925675166694,16.00000406791755
1701944392284393906,9.149737017346546e-06,0.002094085837527793,16.000004341500166
1701944392285821009,9.727687056913626e-06,0.002084330625407082,16.000004630751963
1701944392287405474,1.0382146205333793e-05,0.002073508714164386,16.000004966874066
1701944392288960212,1.1037715375219624e-05,0.0020629027035147084,16.000005313130657
1701944392290334497,1.1629208064281184e-05,0.00205353875625681,16.000005633460813
1701944392291793646,1.227124054464093e-05,0.0020436060495715893,16.000005988860856
1701944392293072033,1.2847152431302394e-05,0.002034909395085039,16.00000631363191
1701944392294235849,1.338382381618686e-05,0.0020269938437416993,16.000006620511517
1701944392295757905,1.4105513742744013e-05,0.0020166441082452467,16.00000703784361
1701944392297207675,1.4815394519161915e-05,0.0020067872381031742,16.00000745138284
1701944392299289253,1.5874445812257235e-05,0.0019926331031623994,16.000008069545988
1701944392301362913,1.6973949144223857e-05,0.0019785359550596997,16.000008710349523
1701944392302797820,1.7757945794260597e-05,0.001968786693700607,16.000009166529093
1701944392304440117,1.867444181023986e-05,0.0019576348085566676,16.00000970031647
1701944392306090481,1.9613389936537964e-05,0.0019464343378592843,16.000010249247957
1701944392307566245,2.046720313715198e-05,0.0019364273831213071,16.000010750701723
1701944392308889881,2.124529098701396e-05,0.001927453765033564,16.000011208864393
1701944392310621651,2.2281946256077857e-05,0.0019157162631939272,16.000011818421566
1701944392312276239,2.329258396828669e-05,0.0019045074440845228,16.0000124091274
1701944392313739019,2.420297211731668e-05,0.0018945997079608697,16.000012936486048
1701944392315417321,2.5266562132843754e-05,0.0018832396435680605,16.00001354575488
1701944392316988620,2.6280918023335843e-05,0.001872607898296032,16.000014119834677
1701944392318472642,2.725473071988933e-05,0.0018625716309871956,16.00001466515701
1701944392319758937,2.811052429027479e-05,0.00185387381660265,16.000015140903216
1701944392321287113,2.9139736991587695e-05,0.0018435407537387577,16.000015711181295
1701944392322824924,3.0187710213757333e-05,0.0018331441488366874,16.000016291713777
1701944392324307792,3.121000922668034e-05,0.0018231210565283107,16.000016858097634
1701944392325822255,3.226825158933913e-05,0.0018128842877250832,16.000017442672714
1701944392327125754,3.319226885120351e-05,0.0018040784055746327,16.00001794979881
1701944392329294794,3.4760942214183e-05,0.0017894358416625635,16.000018801627395
1701944392331403116,3.6322433248589025e-05,0.0017752163664899083,16.00001964113855
1701944392333485855,3.789438364231842e-05,0.0017611831233614345,16.000020485428557
1701944392335109524,3.9132706073148886e-05,0.0017502529517831125,16.000021156330465
1701944392337658123,4.107942260813725e-05,0.0017331102691647117,16.000022234089062
1701944392339569051,4.253161999743632e-05,0.001720269131221946,16.000023060831378
1701944392341361051,4.3882297028007826e-05,0.0017082370225446793,16.000023848410034
1701944392342935508,4.506083267659874e-05,0.0016976727886664738,16.000024548539873
1701944392344308374,4.608543909995785e-05,0.0016884678459292634,16.000025164141842
1701944392345799155,4.7200292836115114e-05,0.0016784774098162522,16.000025837310133
1701944392347155256,4.8220657866834714e-05,0.0016693942865586083,16.000026453484395
1701944392348648562,4.935521680466608e-05,0.0016593969531573153,16.000027136324494
1701944392349970665,5.037145166186525e-05,0.0016505482249997633,16.00002774552733
1701944392351448363,1.1598781071882336e-11,0.0006818778160131779,16.000000000003517
1701944392352769984,2.709057429363334e-08,0.0006379186611671811,16.000000014610087
1701944392354044147,5.7099765119349916e-08,0.00061791460569312,16.00000003144083
1701944392355455757,1.0222891020288608e-07,0.0005957546179055854,16.00000005855339
1701944392356749951,1.532235472245271e-07,0.0005754455590113901,16.00000009126456
1701944392358016101,2.1055310344614133e-07,0.0005555849792229006,16.000000130342602
1701944392359603524,2.9139586402792266e-07,0.0005306923647287674,16.000000189440517
1701944392361376578,3.9323525327709855e-07,0.0005028973223676691,16.00000026981835
1701944392362957062,4.952409561608348e-07,0.000478127293669592,16.000000355173146
1701944392364388537,5.982852711386077e-07,0.00045569354848931583,16.000000443711976
1701944392365710724,7.038692230709659e-07,0.00043496957596571154,16.000000534246166
1701944392366962641,8.139081958502472e-07,0.0004153451574848946,16.000000626619492
1701944392368457858,9.58289989631689e-07,0.00039190428830896686,16.000000743819662
1701944392369957709,1.1163285414036534e-06,0.0003683843097620413,16.000000867592416
1701944392371267715,1.263626208929374e-06,0.00034783799387861736,16.000000980177287
1701944392372636241,1.4244877565467438e-06,0.0003263744799783384,16.000001102272392
1701944392373854818,1.5719808014955203e-06,0.00030726207497340144,16.0000012151565
1701944392375194622,1.73744080682906e-06,0.0002862481123744119,16.000001343903783
1701944392376461473,1.8971726820773428e-06,0.00026637188590902366,16.000001469717084
1701944392377703765,2.057997141714403e-06,0.0002468812248068034,16.000001596104855
1701944392379077817,2.2427129754398234e-06,0.00022531419292668784,16.000001738508026
1701944392380390440,2.4274715745001514e-06,0.00020471361174751395,16.000001876635544
1701944392381775203,2.63255994268077e-06,0.00018297856810037865,16.000002024909275
1701944392383150062,2.8465433795045776e-06,0.00016139855171356423,16.00000217557564
1701944392384552870,3.0734033088648823e-06,0.00013938371495261445,16.00000233393367
1701944392385840106,3.285617131787252e-06,0.0001191864648848133,16.000002484260232
1701944392387177704,3.505848350245312e-06,9.820300427790184e-05,16.000002646334405
1701944392388511191,3.722129686093046e-06,7.728672148670067e-05,16.00000281429209
1701944392389984453,3.9567681372534466e-06,5.418406872247482e-05,16.00000300723715
1701944392391747979,4.2357284288592e-06,2.6536024449890993e-05,16.000003248062345
1701944392393239153,4.475324224494592e-06,3.1645324495295703e-06,16.000003460117668
1701944392394893539,4.752488539092933e-06,-2.2754652824067014e-05,16.000003705216997
1701944392396281599,4.998585386936631e-06,-4.4493159002394844e-05,16.000003919691448
1701944392397638404,5.254019873840976e-06,-6.574512743481098e-05,16.000004137629723
1701944392398833509,5.492047804536856e-06,-8.446713451094519e-05,16.000004335791946
1701944392400100388,5.757001532128521e-06,-0.00010431829402263995,16.000004550214626
1701944392401407673,6.041632565844183e-06,-0.00012480893687033951,16.000004773102496
1701944392402820725,6.35826578111347e-06,-0.00014697040123369892,16.00000501225214
1701944392404262346,6.687023458103494e-06,-0.00016958992540179487,16.000005251448815
1701944392405651179,7.006997696982853e-06,-0.00019139433888273942,16.000005476113706
1701944392407327114,7.396484252619439e-06,-0.0002177219477292898,16.00000574025901
1701944392408501748,7.671799279977544e-06,-0.00023618021050326158,16.00000592213047
1701944392409862183,7.993524243012094e-06,-0.00025756138170627494,16.000006131994986
1701944392411227307,8.319978899173326e-06,-0.00027901724158819157,16.000006344219898
1701944392412624464,8.658780222082856e-06,-0.0003009822426610927,16.00000656528251
1701944392413791400,8.945987609390994e-06,-0.00031933314381772047,16.000006753800847
1701944392415263655,9.313879848531457e-06,-0.00034248827655861163,16.000006996971486
1701944392416562677,9.643087728377103e-06,-0.00036292757754873825,16.000007216233698
1701944392417888831,9.982690318256332e-06,-0.0003837975711898573,16.000007444033344
1701944392419252139,1.033529630181495e-05,-0.00040525896496503857,16.00000768233834
1701944392420758668,1.0729902692274193e-05,-0.00042898030100689045,16.000007951904777
1701944392422588397,1.1218967803791929e-05,-0.00045779007952479616,16.000008292258997
1701944392424329012,1.169791779392568e-05,-0.00048519971580770105,16.00000863387644
1701944392425837817,1.2126461707068281e-05,-0.000508957706555559,16.000008946565888
1701944392427063568,1.2484433527320982e-05,-0.0005282621844827464,16.000009211939357
1701944392428454316,1.289995009006064e-05,-0.0005501753458022285,16.00000952307651
1701944392429864471,1.3328275571687016e-05,-0.0005723984506630463,16.000009845727764
1701944392431313680,1.3772331656013338e-05,-0.0005952522447839252,16.00001018085645
1701944392432728714,1.4207163337823338e-05,-0.0006175734442105975,16.000010508153338
1701944392434085032,1.4625130083606132e-05,-0.0006389742811673038,16.000010820177557
1701944392435498730,1.5064188549285241e-05,-0.0006612790206834716,16.00001114345416
1701944392436895597,1.550443830652351e-05,-0.0006833186627412056,16.000011462442803
1701944392438168181,1.5912669355381377e-05,-0.000703395858966272,16.000011754558166
1701944392439482460,1.6341259865640177e-05,-0.0007241250451149945,16.000012059514123
1701944392440756198,1.6761987515660923e-05,-0.0007442135023890162,16.000012359355896
1701944392442155212,1.7227718463491482e-05,-0.0007662798833698784,16.00001269430022
1701944392443470287,1.7666811725370256e-05,-0.0007870233123181304,16.000013015078775
1701944392444828089,1.811977272094768e-05,-0.0008084401659840813,16.000013353242444
1701944392446019632,1.8516198749988713e-05,-0.0008272347593079096,16.000013656877357
1701944392447186663,1.8903272605210037e-05,-0.0008456396675275632,16.000013961670415
1701944392448440704,1.931852249582402e-05,-0.000865413850983578,16.00001429861377
1701944392449636211,1.9715086660596373e-05,-0.0008842610583365254,16.000014629295485
1701944392451545486,2.0354550265674123e-05,-0.0009143622018409429,16.00001517423444
1701944392453203221,2.0919211680350295e-05,-0.0009405006530061919,16.000015659881566
1701944392454964217,2.153147617233218e-05,-0.0009682722137783975,16.000016181774008
1701944392456327876,2.2014755325132162e-05,-0.0009897831546957937,16.00001658649467
1701944392457580368,4.610689725793784e-12,-0.0006818773440247884,16.000000000001588
1701944392458892716,1.043357784330777e-08,-0.0007148360621307521,15.999999996423895
1701944392460164729,2.2252266157953508e-08,-0.0007311801545479054,15.99999999242683
1701944392461417123,3.5821866570411685e-08,-0.0007472713988622613,15.999999988381514
1701944392462683031,5.01085152456291e-08,-0.0007635332245318863,15.999999985441367
1701944392464015047,6.583015774239602e-08,-0.0007806481159082829,15.99999998390273
1701944392465372198,8.437185149426789e-08,-0.0007980896284819362,15.999999982934776
1701944392466617963,1.0629880694151598e-07,-0.000814109910277421,15.999999981195831
1701944392467875619,1.3634809950707777e-07,-0.000830287582431587,15.999999977819813
1701944392469012663,1.7259942433769525e-07,-0.0008449185295878508,15.999999973761993
1701944392470199695,2.2101095438558413e-07,-0.0008601931512569484,15.999999969904382
1701944392471560237,2.8989152636369873e-07,-0.0008777037485813324,15.999999967968458
1701944392472677355,3.562514404915685e-07,-0.0008920785871983855,15.999999969287074
1701944392473931301,4.3918877471258743e-07,-0.000908206330021762,15.999999973979552
1701944392475447495,5.478723649351259e-07,-0.0009277001954555352,15.999999983250017
1701944392476513484,6.27800913780394e-07,-0.000941401841635926,15.999999991477939
1701944392477848510,7.297300345915714e-07,-0.0009585592343944417,16.000000002992813
1701944392479129331,8.287562131244237e-07,-0.0009750148563796323,16.00000001492304
1701944392480279599,9.192325176617502e-07,-0.0009897929307221248,16.000000026297016
1701944392481864624,1.0482552504214928e-06,-0.0010101515448980483,16.000000043485933
1701944392483304085,1.1713518938811804e-06,-0.0010286351241659806,16.000000061686407
1701944392485114693,1.3357890613749624e-06,-0.0010518777476678967,16.000000090931096
1701944392486991258,1.518070838097e-06,-0.0010759551957029816,16.000000132501125
1701944392488405617,1.6633950002948764e-06,-0.0010940933194509225,16.00000017400453
1701944392489668939,1.7986946900806198e-06,-0.0011102808516749074,16.00000022033536
1701944392491020411,1.948879600965025e-06,-0.0011275917847697926,16.00000028090616
1701944392492149467,2.078158081510188e-06,-0.0011420430903691906,16.000000340506237
1701944392493463422,2.2319020065200203e-06,-0.001158859284870983,16.000000419601616
1701944392494787841,2.388560286329328e-06,-0.0011758032498106385,16.00000050820521
1701944392496071273,2.5395652054144203e-06,-0.0011922237309037816,16.000000600020737
1701944392497351403,2.6863603234600304e-06,-0.0012086064999296698,16.000000694597876
1701944392499122042,2.877476374729235e-06,-0.001231280981249467,16.000000826776184
1701944392501111721,3.0706926005023997e-06,-0.0012567748850439097,16.00000097626449
1701944392502640619,3.2027321810040298e-06,-0.0012763763998736514,16.00000109338007
1701944392503961179,3.3067633293133324e-06,-0.0012933074837794885,16.00000119828061
1701944392505233307,3.401144186560645e-06,-0.0013096218641136929,16.000001304300664
1701944392506616317,3.5012592604484932e-06,-0.0013273564285251423,16.000001425597233
1701944392508029408,3.604644616029874e-06,-0.0013454732389665324,16.000001555183243
1701944392509376087,3.7064589610603648e-06,-0.0013627348893125826,16.000001682483404
1701944392510873678,3.824246586654155e-06,-0.0013819339358963213,16.00000182662949
1701944392512476542,3.954901619013621e-06,-0.0014024808434345878,16.00000198276794
1701944392514210421,4.1001983442969825e-06,-0.0014247185299159854,16.000002154377736
1701944392515898261,4.244249372516588e-06,-0.0014463702857426062,16.000002326055768
1701944392517286365,4.364062577079706e-06,-0.0014641818758931071,16.000002472611044
1701944392518353260,4.456828741270937e-06,-0.00147787429487861,16.000002589709368
1701944392519774862,4.581341586812696e-06,-0.0014961208109235294,16.00000275333079
1701944392521512290,4.735159947901767e-06,-0.0015184200779855106,16.00000296706982
1701944392522794899,4.850309344703512e-06,-0.0015348849490473555,16.00000313581729
1701944392524031639,4.963262580747129e-06,-0.0015507607640912885,16.000003308125553
1701944392525431360,5.094182579934599e-06,-0.0015687322315569047,16.000003514366558
1701944392526661998,5.2121994384065535e-06,-0.0015845349157410753,16.00000370428007
1701944392527791049,5.322455762328121e-06,-0.0015990308989992737,16.000003883659023
1701944392529173243,5.4590389542729295e-06,-0.0016167774565043786,16.000004107322752
1701944392530408366,5.582184764554867e-06,-0.0016326364085620625,16.000004309767164
1701944392531807076,5.723533587375364e-06,-0.0016505915006860216,16.00000454206255
1701944392533436481,5.892956510725455e-06,-0.0016714992004284034,16.000004818535764
1701944392534580960,6.0164844689184055e-06,-0.0016861791737382036,16.00000501773774
1701944392536182364,6.197820457519171e-06,-0.0017067150556019355,16.00000530534018
1701944392537528224,6.358513130170595e-06,-0.001723968118467822,16.000005555769455
1701944392538891165,6.528450327429278e-06,-0.001741434637338096,16.00000581744286
1701944392540293516,6.709166063676368e-06,-0.0017594061344975644,16.000006093967944
1701944392541389430,6.8530219705073864e-06,-0.0017734505840515569,16.0000063136891
1701944392542802698,7.039807767127962e-06,-0.0017915607380889612,16.000006598842432
1701944392544562792,7.272769593936423e-06,-0.001814112298133462,16.00000695362976
1701944392546167558,7.48542452549262e-06,-0.001834675171352465,16.000007275592484
1701944392547648312,7.68286824944785e-06,-0.0018536504493103707,16.000007572038424
1701944392548926380,7.855485147405963e-06,-0.0018700273145905706,16.00000782913658
1701944392550049685,2.4652255995442516e-12,-0.0017045737602027456,15.99999999999786
1701944392551341109,7.197742986925539e-09,-0.0017312834370847763,16.000000009093974
1701944392552849725,1.950043390141278e-08,-0.0017479749463757978,16.000000025739634
1701944392554157005,3.561998771816585e-08,-0.001762438958998995,16.000000049526527
1701944392555461364,5.695527066191455e-08,-0.0017768715054195345,16.00000008291804
1701944392556707342,8.26629276971998e-08,-0.0017906565786806102,16.00000012342657
1701944392557961066,1.1477619690129382e-07,-0.00180452346914274,16.000000171273488
1701944392559280264,1.5685442684026438e-07,-0.0018191117778709389,16.000000227297566
1701944392560492240,2.042334062744171e-07,-0.0018325128967519287,16.00000028226245
1701944392561710339,2.6077874695309496e-07,-0.0018459779582558986,16.00000033967256
1701944392563106235,3.355160696310067e-07,-0.001861409334880028,16.00000040762982
1701944392564388583,4.1095546690119963e-07,-0.0018755861022338289,16.00000047248388
1701944392565760387,4.947062425788406e-07,-0.0018907590352625105,16.00000054560502
1701944392567011469,5.70496873260455e-07,-0.0019046007465540232,16.000000616773654
1701944392568299873,6.455888437020327e-07,-0.0019188627858096677,16.00000069556382
1701944392569567594,7.15708971795249e-07,-0.001932903747102903,16.000000779088033
1701944392570876271,7.84566518365283e-07,-0.001947401725191112,16.00000087138246
1701944392572269814,8.553077604580749e-07,-0.001962845414803597,16.00000097521686
1701944392574008444,9.419794860724908e-07,-0.001982118884532852,16.00000110955054
1701944392575739773,1.0281214425827424e-06,-0.0020013183118908003,16.000001244862197
1701944392577380863,1.1109727828651071e-06,-0.002019517782989876,16.000001371272493
1701944392578696136,1.1796384137545787e-06,-0.002034104228634513,16.00000146978676
1701944392579916426,1.2468557233103864e-06,-0.0020476322811845407,16.000001558493267
1701944392581482852,1.3406887128859135e-06,-0.002064990340074843,16.000001669354095
1701944392582778523,1.42609698776317e-06,-0.0020793393364377014,16.000001759704777
1701944392583992928,1.5133063744917708e-06,-0.002092784524668819,16.000001844560153
1701944392585702335,1.6475139587037636e-06,-0.0021117016522623922,16.000001965967627
1701944392587160272,1.7712003558140565e-06,-0.002127830378810692,16.000002072514455
1701944392588362969,1.878047819941924e-06,-0.002141132056236945,16.000002163610308
1701944392589449725,1.977258612815859e-06,-0.0021531507824729453,16.000002249461442
1701944392590820743,2.1054669988656418e-06,-0.0021683134833875755,16.00000236417002
1701944392592139897,2.232416026736825e-06,-0.0021828994491581545,16.000002483057155
1701944392593427334,2.3606162413463825e-06,-0.0021971331034389943,16.000002609315896
1701944392594653028,2.4873021124304748e-06,-0.002210683146261452,16.00000274055073
1701944392595882211,2.6189472815081316e-06,-0.002224270435213839,16.00000288339695
1701944392597123632,2.7558888778058146e-06,-0.0022379967828956727,16.000003038118628
1701944392598477831,2.9080624519117704e-06,-0.0022529739225691753,16.000003216507512
1701944392599708449,3.0468507918554337e-06,-0.0022665891452911253,16.00000338492948
1701944392600928937,3.182922979454794e-06,-0.0022800938905823518,16.000003555517765
1701944392602119774,3.3131113527208367e-06,-0.0022932701407733158,16.000003723731396
1701944392603199221,3.429177578977709e-06,-0.0023052165638671558,16.00000387723091
1701944392605063672,3.628258968918357e-06,-0.0023258446695301025,16.000004145357455
1701944392606825031,3.817595082786416e-06,-0.002345326696934089,16.000004403774827
1701944392608499525,4.000374787124502e-06,-0.002363838025138821,16.000004655556353
1701944392609762274,4.139764145603091e-06,-0.002377790477441004,16.000004849880252
1701944392611093435,4.28689046694282e-06,-0.002392493699848923,16.000005058966845
1701944392612284329,4.417578666165626e-06,-0.002405638161503541,16.00000524950283
1701944392613523920,4.552120128967223e-06,-0.0024193112537682178,16.0000054511847
1701944392614886054,4.698434938182087e-06,-0.00243432722437091,16.000005676631755
1701944392616165933,4.8350784692597835e-06,-0.0024484293785300543,16.000005891986117
1701944392617000702,4.9240821217375e-06,-0.002457626624535113,16.000006034288216
1701944392618622650,5.09692643866362e-06,-0.0024754865795951118,16.000006315174378
1701944392619939173,5.23680797001563e-06,-0.002489982394582668,16.000006548191053
1701944392621089511,5.3577737239772865e-06,-0.002502646217901335,16.00000675617095
1701944392622184347,5.470480082862997e-06,-0.0025146962646668304,16.000006958391356
1701944392623335261,5.584725799810641e-06,-0.0025273628050001165,16.000007175763365
1701944392624711186,5.713464477592582e-06,-0.002542498963482104,16.000007442027595
1701944392625796533,5.808163420472365e-06,-0.002554434435666223,16.00000765694895
1701944392627160526,5.918407129188649e-06,-0.0025694314537939664,16.000007933247645
1701944392628257840,6.000302872502415e-06,-0.0025814933094312573,16.000008160653593
1701944392629519600,6.08773612591678e-06,-0.0025953662244707376,16.000008428106945
1701944392630783447,6.1690878215786985e-06,-0.002609262040464214,16.00000870237419
1701944392631980771,6.241912902644729e-06,-0.0026224272999653196,16.000008967924618
1701944392633234540,6.316165046148194e-06,-0.002636221003847494,16.000009251573104
1701944392634701505,6.404142763986089e-06,-0.002652364239564329,16.00000958950668
1701944392636141072,6.49483973677767e-06,-0.0026682077744377354,16.000009926400867
1701944392637972243,6.619175224097291e-06,-0.0026883593896530463,16.00001036170016
1701944392639580083,6.7363878958601715e-06,-0.0027060430587347102,16.000010750310157
1701944392641187719,6.8589468654871945e-06,-0.0027237175084057225,16.000011145409733
1701944392642344422,6.948724378709472e-06,-0.0027364294135615312,16.000011433525597
1701944392643394043,7.030006177065675e-06,-0.0027479585950237672,16.000011697113408
1701944392644797100,7.137216816602011e-06,-0.0027633673477552483,16.0000120519007
1701944392646190040,5.086678133757005e-12,-0.0010228169702905935,16.00000000000034
1701944392647551913,-4.294440012223972e-09,-0.001003273911715219,16.00000000458345
1701944392649116653,-1.0995594048360404e-08,-0.00099216799103978,16.00000001146472
1701944392650545473,-2.132839973233932e-08,-0.0009820274698281817,16.000000020941687
1701944392652148543,-4.100909371317852e-08,-0.000970651918557675,16.00000003581356
1701944392653526952,-6.753692910204669e-08,-0.0009608766878853286,16.000000052435926
1701944392654757367,-1.0007889235518335e-07,-0.0009521599135948322,16.000000070057325
1701944392656077578,-1.436056355137826e-07,-0.0009428112205014824,16.000000091062333
1701944392657465409,-1.9578393279749734e-07,-0.0009329889415639072,16.000000114465404
1701944392658721475,-2.4482590700079984e-07,-0.000924099240161056,16.00000013669648
1701944392659617306,-2.787456488909863e-07,-0.0009177547052269318,16.000000153799338
1701944392660954992,-3.249984003202552e-07,-0.0009082745701876892,16.000000183717155
1701944392662798762,-3.7856877267687274e-07,-0.0008951857584414199,16.000000237917433
1701944392664054374,-4.085451516971559e-07,-0.0008862569508973824,16.000000285280397
1701944392665501455,-4.381398225675205e-07,-0.0008759572946380751,16.00000035124557
1701944392667120377,-4.673769725735461e-07,-0.0008644228497822535,16.000000438032014
1701944392668804059,-4.956437522746151e-07,-0.0008524234165341909,16.000000538723217
1701944392670564896,-5.243057628235418e-07,-0.0008398761955517455,16.000000649134066
1701944392671975189,-5.470387946283932e-07,-0.0008298307023189618,16.000000737161674
1701944392673339982,-5.688459216710087e-07,-0.0008201136537272438,16.000000819684086
1701944392674634612,-5.89012555460878e-07,-0.0008109036408822448,16.000000895846778
1701944392675910606,-6.079545869482116e-07,-0.0008018323316487772,16.00000097126829
1701944392677308432,-6.271624163643662e-07,-0.0007919035301300653,16.000001058122425
1701944392678537200,-6.423755548301434e-07,-0.0007831788641121042,16.000001140934287
1701944392679821194,-6.563868009721819e-07,-0.0007740642904437999,16.000001235883893
1701944392681348407,-6.707119992257088e-07,-0.000763224730494056,16.000001360558645
1701944392682665416,-6.813264838859184e-07,-0.0007538714886984701,16.000001477272534
1701944392683993317,-6.905911737750766e-07,-0.0007444316434764967,16.0000016012626
1701944392685267956,-6.982041547869456e-07,-0.0007353605907891763,16.000001723919528
1701944392686837527,-7.060966188022871e-07,-0.000724175898379279,16.000001877435697
1701944392688073365,-7.112151470744754e-07,-0.0007153593158196646,16.000001999498426
1701944392689205172,-7.146250196253612e-07,-0.0007072834167305606,16.00000211211876
1701944392690921921,-7.154587734381723e-07,-0.0006950379833775146,16.000002285211426
1701944392692191700,-7.117936717004054e-07,-0.0006859916114655433,16.000002415617118
1701944392693618304,-7.03834088226063e-07,-0.0006758384415705687,16.000002565864385
1701944392695160267,-6.939934909612493e-07,-0.0006648813504847414,16.000002734383305
1701944392696589243,-6.8814533890379e-07,-0.0006547381766386334,16.00000289778104
1701944392698148606,-6.900865157361703e-07,-0.0006436809787201205,16.000003084897248
1701944392700326441,-7.112948942281157e-07,-0.0006282469787336262,16.00000336091771
1701944392702937640,-7.635186074451826e-07,-0.0006097524213569313,16.000003711166073
1701944392704297990,-8.002154415494004e-07,-0.0006001193057181308,16.000003900949988
1701944392705527996,-8.370406715639381e-07,-0.0005914107934697732,16.000004076720572
1701944392706837040,-8.795251565792535e-07,-0.0005821450311508073,16.000004269057033
1701944392708171870,-9.276600038465799e-07,-0.0005726974030430769,16.000004472287543
1701944392709460813,-9.808572650382983e-07,-0.0005635776084855229,16.000004676239985
1701944392710811284,-1.0454283925006797e-06,-0.000554022705258771,16.000004897861125
1701944392712158194,-1.1189342792799022e-06,-0.0005444958653620712,16.000005125653608
1701944392713603759,-1.2061273036425052e-06,-0.0005342711873910119,16.00000537647121
1701944392714930091,-1.2909436449421348e-06,-0.0005248893146232714,16.000005612581795
1701944392716350424,-1.3832539414899673e-06,-0.0005148416177445063,16.000005873605588
1701944392717788472,-1.4749214772174538e-06,-0.0005046652909653881,16.000006148943424
1701944392719148573,-1.5572624436345447e-06,-0.0004950387490767398,16.00000642101807
1701944392720406671,-1.6277334054799545e-06,-0.0004861338876878249,16.000006682784438
1701944392721752839,-1.6958484512553614e-06,-0.0004766081860422516,16.00000697236871
1701944392722936917,-1.7498144812475747e-06,-0.0004682335300067314,16.00000723403237
1701944392724307419,-1.807734950281779e-06,-0.0004585449103440974,16.000007544567442
1701944392725944498,-1.8755754828256802e-06,-0.00044698305423569664,16.00000792762839
1701944392727417178,-1.939576515767639e-06,-0.0004365875261038868,16.000008285779472
1701944392729169731,-2.022926020316544e-06,-0.0004242173029074212,16.00000873107338
1701944392730800936,-2.1076620827289524e-06,-0.0004126997915983622,16.000009164280442
1701944392732771421,-2.215793123707041e-06,-0.00039876924235163127,16.000009709079652
1701944392734146273,-2.2917829114028923e-06,-0.00038903599832860634,16.000010100284307
1701944392736170746,-2.396995398665886e-06,-0.0003746836799749416,16.000010685029487
1701944392737761599,-2.471173136640485e-06,-0.00036338853452839954,16.000011147276222
1701944392739091061,-2.5273479414111147e-06,-0.00035393700729685737,16.000011533122347
1701944392740378820,-2.5786696572888157e-06,-0.00034477741378938426,16.00001190610534
1701944392741729693,-2.6320378999979182e-06,-0.00033516465412803987,16.00001229795668
1701944392743184936,-2.691337697824733e-06,-0.000324807293168966,16.000012722707677
1701944392744306647,-2.738876982672771e-06,-0.0003168253945732317,16.000013052859348
1701944392745528729,-2.7921150978993706e-06,-0.0003081274052673275,16.00001341593996
1701944392746884265,-2.852001240400123e-06,-0.00029847846745503293,16.00001382292449
1701944392748342577,-2.9168727526765564e-06,-0.0002880981264302522,16.00001426631588
1701944392749609660,-9.171807261701588e-13,-0.00034093853132426317,15.999999999998211
1701944392750809580,-3.1206465054104863e-09,-0.0003246681431714729,16.000000012189684
1701944392752230867,-9.356529438154701e-09,-0.0003152921394961143,16.00000003141779
1701944392753646964,-2.2906903137240758e-08,-0.00030594826270211213,16.000000061621886
1701944392754878933,-4.394106562131969e-08,-0.0002978154434160519,16.000000097482914
1701944392755972645,-7.213787291969468e-08,-0.0002905953084918365,16.000000136419334
1701944392757178773,-1.1499775597136363e-07,-0.00028262999063380465,16.00000018592246
1701944392758467464,-1.7388022069904964e-07,-0.00027411647696602134,16.000000244702047
1701944392759888529,-2.5161402109393817e-07,-0.0002647236505112315,16.0000003145684
1701944392761572046,-3.558392408946492e-07,-0.0002535863366361745,16.000000402310924
1701944392763157947,-4.6201452332579655e-07,-0.00024308945675423314,16.00000048913645
1701944392764733369,-5.731627358414013e-07,-0.00023265351013771404,16.000000579566432
1701944392765998988,-6.664699800423574e-07,-0.00022426469911319787,16.00000065571756
1701944392767258679,-7.633570478926532e-07,-0.0002159139583179143,16.000000735130673
1701944392769333070,-9.326140596493023e-07,-0.00020215545697193352,16.000000874033216
1701944392770699577,-1.050891573295858e-06,-0.00019308996656464646,16.000000970591657
1701944392772000378,-1.1686502049074852e-06,-0.00018445636990123066,16.00000106579182
1701944392773215331,-1.2831935942703328e-06,-0.00017638891747131475,16.000001157867604
1701944392774472668,-1.4059678564840546e-06,-0.00016803569558681314,16.00000125735277
1701944392775669618,-1.5259695682636886e-06,-0.00016008147275399056,16.000001356891197
1701944392776884714,-1.6499605840303425e-06,-0.00015200333750244182,16.00000146305068
1701944392778165471,-1.7825641316675955e-06,-0.0001434892819440667,16.000001579890327
1701944392779376190,-1.9102999532842324e-06,-0.000135442537482322,16.000001693864355
1701944392780697210,-2.0541218866724153e-06,-0.0001266656340300991,16.000001820373626
1701944392782055350,-2.2096195374949726e-06,-0.00011764139277915062,16.000001951152427
1701944392783494930,-2.3861199267924777e-06,-0.00010807730677358601,16.000002089687406
1701944392784817315,-2.5609041736269485e-06,-9.929196799424651e-05,16.000002217635934
1701944392786210645,-2.758832761393019e-06,-9.003333774600896e-05,16.000002355612292
1701944392787478441,-2.9504860781782997e-06,-8.16064691237385e-05,16.000002486655564
1701944392788649538,-3.136189780653111e-06,-7.382116658006303e-05,16.0000026145313
1701944392790104930,-3.3770432148231613e-06,-6.414394407018407e-05,16.000002784454434
1701944392791780278,-3.6660543067531766e-06,-5.300065797391891e-05,16.00000299526373
1701944392793592559,-3.989556388820012e-06,-4.094636900764718e-05,16.00000323948447
1701944392795018326,-4.249543193496725e-06,-3.146273017843708e-05,16.000003441399056
1701944392796345820,-4.493994771658082e-06,-2.2638321417128036e-05,16.000003635157228
1701944392797635696,-4.733405184091412e-06,-1.4064802599882242e-05,16.00000382704039
1701944392798916253,-4.973813346331379e-06,-5.559075820753681e-06,16.00000401890084
1701944392800189433,-5.217467607316013e-06,2.892284522814502e-06,16.000004209193254
1701944392801644128,-5.503549749961119e-06,1.2540643063495036e-05,16.000004425015263
1701944392803301039,-5.839726356147683e-06,2.3521708441904113e-05,16.00000466962828
1701944392804480100,-6.084166379986393e-06,3.132893067901286e-05,16.000004844093233
1701944392805743566,-6.347740113374685e-06,3.969101575799789e-05,16.000005032930115
1701944392806996514,-6.6073404957488325e-06,4.79828973615068e-05,16.000005222939688
1701944392808244969,-6.861129526025936e-06,5.624269824484313e-05,16.000005415166612
1701944392809476345,-7.105352992081184e-06,6.439135364630214e-05,16.00000560785836
1701944392810692796,-7.341184188831197e-06,7.244230305570254e-05,16.000005801590586
1701944392812012158,-7.593420632668995e-06,8.117729562280133e-05,16.00000601601459
1701944392813347828,-7.848607224638656e-06,9.002210722509481e-05,16.00000623771242
1701944392814830091,-8.13645244279109e-06,9.984039550498651e-05,16.00000648865048
1701944392816160346,-8.402581160105373e-06,0.0001086542744011206,16.000006717490738
1701944392817509765,-8.682852981690108e-06,0.00011759370850164799,16.0000069524678
1701944392818839343,-8.971111061590665e-06,0.00012640390362381832,16.000007187129604
1701944392819953797,-9.222903523328272e-06,0.00013378784135434607,16.00000738711182
1701944392821406921,-9.56648688626573e-06,0.00014341742614996564,16.00000765490182
1701944392823073341,-9.982899691684218e-06,0.00015446265321430552,16.000007974552076
1701944392824599253,-1.0385806708272255e-05,0.00016457762511637932,16.000008280074905
1701944392826172013,-1.0822836749463203e-05,0.0001750065800456535,16.00000860696017
1701944392827608983,-1.1240520478323291e-05,0.0001845370750846193,16.00000891413134
1701944392829055775,-1.1676965997735637e-05,0.00019413489934251086,16.000009228969123
1701944392830355921,-1.2080857867133273e-05,0.00020276202673861143,16.00000951467871
1701944392831691484,-1.2505295876208245e-05,0.0002116270160262617,16.00000980951271
1701944392833128711,-1.2971223773508687e-05,0.00022116851323599192,16.000010127695298
1701944392834336196,-1.3369714735877166e-05,0.0002291870160716411,16.000010396005017
1701944392835609730,-1.379716690804756e-05,0.00023764246433300375,16.000010680657123
1701944392837049051,-1.4289862927873771e-05,0.0002471984594650458,16.0000110059707
1701944392838245980,-1.470725752199012e-05,0.00025514335083173985,16.000011280684596
1701944392839543971,-1.5167073869752277e-05,0.00026376015134184713,16.00001158457478
1701944392841090656,-1.572279054247241e-05,0.00027402642544656136,16.00001195610597
1701944392842298928,-1.6161880899431026e-05,0.000282048432862047,16.000012253748448
1701944392843623291,-1.664747582706161e-05,0.00029084361428758477,16.000012586789232
1701944392845040580,-1.7172402352899564e-05,0.0003002570284159685,16.00001295009329
1701944392846226384,-1.761686985741172e-05,0.00030813479852112834,16.000013259369577
1701944392847495549,-1.8099398343994147e-05,0.0003165637086721771,16.000013596211282
1701944392848875783,4.927985476014651e-13,2.2512694258704918e-10,16.000000000000963
1701944392850132479,-1.9825634494857877e-08,9.048468867587032e-06,16.00000001679149
1701944392851673950,-4.9850822229308836e-08,1.4329350196614213e-05,16.000000042743228
1701944392853395405,-9.857408733520014e-08,2.0220636131917795e-05,16.000000086638625
1701944392855203598,-1.6425259907159473e-07,2.6400870980512727e-05,16.00000014863774
1701944392856887069,-2.3602543294564678e-07,3.2149339887091345e-05,16.000000218729138
1701944392858364192,-3.0596948589168754e-07,3.718950985118186e-05,16.000000287717917
1701944392859757099,-3.776091883026907e-07,4.19420932960462e-05,16.00000035730934
1701944392860904794,-4.4098150101952063e-07,4.5857583964470704e-05,16.00000041689283
1701944392862257988,-5.210351040581621e-07,5.0478199871168315e-05,16.000000488707112
1701944392863580196,-6.046643246182554e-07,5.499783369965628e-05,16.00000055983146
1701944392865043729,-7.030137460496736e-07,6.000662665393975e-05,16.00000063948294
1701944392866260522,-7.89432496375487e-07,6.417711173905995e-05,16.000000706893108
1701944392867613757,-8.914334203033105e-07,6.882011381349984e-05,16.000000784207568
1701944392869164562,-1.0180362216758682e-06,7.414558451374843e-05,16.000000877529548
1701944392870258243,-1.1145235170214674e-06,7.790467961247873e-05,16.000000947275307
1701944392871610803,-1.2417264556272396e-06,8.25546085973876e-05,16.000001038833997
1701944392873058304,-1.3849603101440522e-06,8.75326079282103e-05,16.000001143689232
1701944392874212182,-1.501934645024437e-06,9.150246570902787e-05,16.000001232524404
1701944392875599031,-1.6431495009815913e-06,9.627457598633432e-05,16.00000134570677
1701944392877081842,-1.7944679739884691e-06,0.00010137589910233349,16.00000147457318
1701944392878333175,-1.9240552507703193e-06,0.00010567830338401828,16.000001589402096
1701944392879574597,-2.05737917930701e-06,0.0001099431150221195,16.000001708245293
1701944392880990020,-2.2191601103810892e-06,0.00011480045104882053,16.000001848716735
1701944392882317739,-2.383066754240565e-06,0.00011935279228133848,16.0000019843991
1701944392883943803,-2.6017395034723685e-06,0.0001249263627259858,16.000002155065967
1701944392885948415,-2.8983035011819445e-06,0.00013180159415802708,16.00000237310326
1701944392888231064,-3.268801405519461e-06,0.00013964176093374443,16.00000263432797
1701944392889506156,-3.4886693020186936e-06,0.00014402789050628302,16.00000278727555
1701944392891048604,-3.7628747620923835e-06,0.0001493403501065737,16.00000297954398
1701944392892220236,-3.975007120913628e-06,0.0001533788223023934,16.000003130546673
1701944392893694538,-4.2449867905179324e-06,0.0001584639360352079,16.000003325791738
1701944392894909032,-4.470568116781262e-06,0.00016265439970397947,16.000003490621626
1701944392896340288,-4.743600676646064e-06,0.000167594003156249,16.000003689733358
1701944392897706968,-5.01583911299948e-06,0.00017231219777760428,16.000003885609928
1701944392899541069,-5.405169853662428e-06,0.0001786486394238447,16.000004158977454
1701944392901100506,-5.7595941895842874e-06,0.00018404093710251902,16.000004401353458
1701944392902896687,-6.192974076246654e-06,0.00019026199547011186,16.000004691311652
1701944392904004161,-6.471739286992801e-06,0.00019410353923880424,16.00000487517725
1701944392905447670,-6.845012249888587e-06,0.0001991192100440861,16.000005119856183
1701944392906950338,-7.242905072392865e-06,0.00020434916259185975,16.00000538086189
1701944392908288469,-7.604094081099372e-06,0.00020901501479335,16.000005620115704
1701944392909776192,-8.012659516967011e-06,0.0002142095980100597,16.000005895677095
1701944392911067776,-8.373290494766245e-06,0.00021872505611393792,16.00000614389819
1701944392912655349,-8.823672758988861e-06,0.00022428335026896052,16.00000645947516
1701944392914072511,-9.231223437762084e-06,0.00022925177582354717,16.000006748505463
1701944392916232549,-9.859094750297813e-06,0.00023683625614682452,16.000007195971545
1701944392917992392,-1.0374228838073246e-05,0.00024302399928228716,16.00000756371534
1701944392920402282,-1.1081285601094728e-05,0.0002515071356899349,16.000008070549043
1701944392921744307,-1.1475254919925453e-05,0.0002562346342922877,16.000008355183454
1701944392922987341,-1.184078346761148e-05,0.0002606139562737537,16.00000862170078
1701944392924271560,-1.2221031622705336e-05,0.00026514013501760384,16.000008901568826
1701944392925093354,-1.2466976490508555e-05,0.0002680365279846557,16.000009083661727
1701944392926572488,-1.291907947562333e-05,0.0002732497178280142,16.000009418557664
1701944392927686328,-1.3269570956984162e-05,0.0002771749719726595,16.000009676987624
1701944392929021618,-1.3703489010539719e-05,0.0002818823884152848,16.000009993571904
1701944392930481068,-1.4194799376983833e-05,0.0002870280340287141,16.00001034675275
1701944392931989660,-1.4719119590652933e-05,0.0002923493029500896,16.000010718316904
1701944392933424186,-1.5229619552483783e-05,0.00029741095445280494,16.000011076535777
1701944392935089129,-1.5832807732369804e-05,0.00030328854175921575,16.000011497232137
1701944392936450755,-1.6333782029418884e-05,0.00030809923506226506,16.000011844595306
1701944392937831376,-1.684976940932012e-05,0.0003129824019101292,16.000012198617643
1701944392939191232,-1.736736586592197e-05,0.00031779890427438144,16.000012547182518
1701944392940519957,-1.7882669209929323e-05,0.0003225122476234221,16.000012885688385
1701944392941957652,-1.845008292401961e-05,0.00032762007945602784,16.000013248575826
1701944392943121256,-1.8915605586831442e-05,0.00033175867273004884,16.000013540078882
1701944392944522589,-1.9482304198845974e-05,0.0003367473101379778,16.000013890502647
1701944392946488959,-2.028701332685333e-05,0.0003437505697236847,16.00001438498174
1701944392947957630,-2.089515348327852e-05,0.00034898373921459674,16.000014758649545
1701944392949546195,-7.823291913919804e-13,2.565502287064751e-10,16.000000000003276
1701944392951104205,-1.4128580272847868e-08,1.4272387266893226e-09,16.000000012706046
1701944392952629186,-3.124853376693487e-08,1.61185210642964e-09,16.00000002781052
1701944392953992946,-5.246305398178524e-08,-9.36855386905408e-10,16.000000045459604
1701944392955298431,-7.80034253295785e-08,-8.225457194306499e-09,16.000000064667354
1701944392956646354,-1.0935022628246261e-07,-2.306678615495192e-08,16.00000008543333
1701944392957831316,-1.4034214827693732e-07,-4.339766057890341e-08,16.00000010383662
1701944392959203089,-1.7857130958085854e-07,-7.548576442213352e-08,16.000000125431228
1701944392961112523,-2.32259324936544e-07,-1.3298798754979938e-07,16.000000157717366
1701944392962337112,-2.6546220508376775e-07,-1.7594919345992443e-07,16.000000181121912
1701944392963772104,-3.023871842157784e-07,-2.297489964810218e-07,16.000000213686036
1701944392965158704,-3.3697727124676287e-07,-2.835475259593259e-07,16.000000252511615
1701944392966377540,-3.680762221174242e-07,-3.3140995264370985e-07,16.000000294022964
1701944392967852191,-4.086197409953537e-07,-3.896914370063249e-07,16.00000035477
1701944392969468164,-4.576573402084195e-07,-4.545687399183789e-07,16.000000435223054
1701944392970748070,-4.995479872414891e-07,-5.073691635538936e-07,16.00000050913752
1701944392972017775,-5.425791265965401e-07,-5.61518282720695e-07,16.00000059065933
1701944392973321025,-5.867204483779197e-07,-6.192420081529702e-07,16.000000681808704
1701944392974493270,-6.252184572457607e-07,-6.732122133685825e-07,16.000000769311082
1701944392976393059,-6.840174130780359e-07,-7.654230097702734e-07,16.000000920005785
1701944392978768328,-7.533308576577791e-07,-8.900384027682044e-07,16.000001121186205
1701944392980482344,-8.034128588459798e-07,-9.865942202665249e-07,16.00000127375235
1701944392982226647,-8.585666239197869e-07,-1.0893118387213212e-06,16.000001434651974
1701944392983900236,-9.190053184552187e-07,-1.1892581792656192e-06,16.000001594937054
1701944392985732376,-9.974253106567003e-07,-1.2957450488615266e-06,16.00000177905167
1701944392987287029,-1.0764142442679112e-06,-1.3808022061730892e-06,16.000001944675184
1701944392988870184,-1.1704890119827457e-06,-1.460795816464287e-06,16.000002124967
1701944392990102232,-1.2542518727495015e-06,-1.5186809718979217e-06,16.00000227505636
1701944392991480297,-1.3601542230431898e-06,-1.5808151477331762e-06,16.000002454231034
1701944392992806969,-1.4752938430946315e-06,-1.6408143897616288e-06,16.000002637824693
1701944392994414000,-1.6326366024042355e-06,-1.7179813077488313e-06,16.000002872811777
1701944392995667753,-1.7683705500044588e-06,-1.7835342422014342e-06,16.000003063763327
1701944392996920801,-1.914034887965306e-06,-1.8545335567605549e-06,16.00000325973187
1701944392998232270,-2.0752772425159274e-06,-1.93408335128727e-06,16.000003469825018
1701944392999785322,-2.2751767859147907e-06,-2.032877635132018e-06,16.00000372631432
1701944393001167513,-2.459235387945022e-06,-2.122343225355169e-06,16.000003963396292
1701944393002605946,-2.654889229676093e-06,-2.2138014447159123e-06,16.000004221036324
1701944393003946330,-2.8391524992121136e-06,-2.2951502398742804e-06,16.000004472067868
1701944393005290584,-3.023849500637302e-06,-2.371529763395468e-06,16.000004734055445
1701944393006861091,-3.237393951232792e-06,-2.4538691892999783e-06,16.000005051513206
1701944393008071771,-3.3995590342880465e-06,-2.5126832111382598e-06,16.000005303268757
1701944393009996914,-3.6533708478247723e-06,-2.5988519118379146e-06,16.00000571383653
1701944393011483192,-3.846735339756426e-06,-2.6587595908815665e-06,16.00000603797719
1701944393012956309,-4.037445808147433e-06,-2.711034384858425e-06,16.000006364147936
1701944393014141824,-4.1910122367576296e-06,-2.747012210910031e-06,16.00000662944427
1701944393015543793,-4.373687613835286e-06,-2.7819555043446286e-06,16.000006945382882
1701944393016769696,-4.535126999502159e-06,-2.805852182068303e-06,16.000007222420347
1701944393017813288,-4.6745748051872765e-06,-2.821724676764642e-06,16.00000745762776
1701944393019817162,-4.950985828710963e-06,-2.8434215465423855e-06,16.000007904643955
1701944393021136350,-5.140835574461472e-06,-2.853137625685961e-06,16.00000819501351
1701944393022022629,-5.272755722272436e-06,-2.8587602029337805e-06,16.00000838852334
1701944393023290435,-5.467571037659193e-06,-2.867007465919451e-06,16.00000866387792
1701944393024756027,-5.699974096041466e-06,-2.877997202464497e-06,16.000008981490513
1701944393025685032,-5.8498340242926855e-06,-2.886281898559986e-06,16.000009183113615
1701944393027420273,-6.13053709835606e-06,-2.9063616841386565e-06,16.000009561933602
1701944393028662263,-6.330863247574643e-06,-2.9253139806983055e-06,16.000009835250502
1701944393029730805,-6.502632993292794e-06,-2.9450668939580663e-06,16.00001007182927
1701944393031238181,-6.74498915881462e-06,-2.9772198226642074e-06,16.000010407469365
1701944393032621274,-6.968559761642274e-06,-3.008721709263894e-06,16.000010717777297
1701944393033871692,-7.172300280435508e-06,-3.035930384160553e-06,16.000011000870764
1701944393035524723,-7.444535319306507e-06,-3.0661232038161414e-06,16.00001138033917
1701944393036696345,-7.639385682069377e-06,-3.082731035542607e-06,16.000011653381346
1701944393038227645,-7.895617386467189e-06,-3.1001068467275846e-06,16.000012015433338
1701944393039569705,-8.121327231779079e-06,-3.1144521702712872e-06,16.000012337920655
1701944393041204794,-8.397952510790297e-06,-3.136561260179711e-06,16.00001273820067
1701944393042979549,-8.701429328915311e-06,-3.1712027171343774e-06,16.000013183470966
1701944393045110410,-9.07169617069946e-06,-3.229501990025739e-06,16.000013734903465
1701944393046345746,-9.289062091879703e-06,-3.2702951546286283e-06,16.00001406295749
1701944393047893474,-9.561972621501817e-06,-3.3238010843791023e-06,16.000014480778983
1701944393049271708,-9.802754027025865e-06,-3.3694668522037844e-06,16.000014856567304
1701944393050365470,-9.990341801616842e-06,-3.401614245007925e-06,16.00001515524442
1701944393052478774,-1.0340177623897845e-05,-3.4464533945317716e-06,16.000015729179843
1701944393054013779,-1.0582921439083712e-05,-3.461865747689308e-06,16.000016142320728
1701944393055371736,-3.61836308935019e-12,-0.0006818766547068442,16.000000000003254
1701944393056694615,1.5373843626211695e-08,-0.0006991232012926006,15.99999999535235
1701944393057939921,3.333303574554227e-08,-0.0007071182009638562,15.99999999020701
1701944393059284913,6.197272381285366e-08,-0.0007157403717798586,15.999999982727324
1701944393060492304,9.803295014337437e-08,-0.0007234734063371843,15.999999973581465
1701944393061804174,1.5210555952418162e-07,-0.0007318706764833796,15.99999995849308
1701944393063066048,2.23638750719334e-07,-0.0007399452831398717,15.999999934687123
1701944393064453421,3.331691535793232e-07,-0.0007488151331422563,15.999999890652392
1701944393065603003,4.5815094393086903e-07,-0.0007561549518925624,15.999999833765642
1701944393067110757,6.936483770494879e-07,-0.0007657581379589063,15.99999972081824
1701944393068384914,9.80152941991835e-07,-0.0007738485513086131,15.999999584616102
1701944393069664844,1.3796859765432923e-06,-0.0007819531009700815,15.999999403080565
1701944393070951551,1.9231720559703982e-06,-0.0007900779644853209,15.999999169079816
1701944393072515683,2.8055126219885853e-06,-0.0007999405872015447,15.999998807851174
1701944393074266278,4.096577314088616e-06,-0.0008109750699801685,15.999998299459996
1701944393076066628,5.757359324419337e-06,-0.0008223451571554483,15.999997662931394
1701944393077463806,7.271608717285847e-06,-0.0008311942877871506,15.999997094770775
1701944393078691227,8.759059775558613e-06,-0.0008389942062061226,15.999996549496869
1701944393079865832,1.03172941398218e-05,-0.000846485508846331,15.99999599508565
1701944393081124938,1.213143998055338e-05,-0.0008545451956234296,15.999995372405255
1701944393082237535,1.3856591270584515e-05,-0.0008616919830445093,15.999994798858806
1701944393083399439,1.5778904374510474e-05,-0.0008691812050048682,15.999994170155107
1701944393084696210,1.8064192610071808e-05,-0.0008775642937193515,15.999993416463106
1701944393086034418,2.0567195720753015e-05,-0.0008862421796300157,15.99999255727139
1701944393087557434,2.3573236199944816e-05,-0.0008961509953564984,15.999991447182676
1701944393088912366,2.63698469144645e-05,-0.0009050004136734476,15.99999031952379
1701944393090169274,2.905218443638874e-05,-0.0009132354606379166,15.99998914389544
1701944393091556591,3.2101940508460225e-05,-0.0009223419813784953,15.999987698509125
1701944393092888301,3.5115745127098896e-05,-0.000931082784297778,15.999986170040843
1701944393093970065,3.7626837910875194e-05,-0.0009381668817881518,15.999984833807217
1701944393095292942,4.07770410484682e-05,-0.0009467948099477166,15.999983095212341
1701944393096589233,4.394880230257197e-05,-0.0009551985476044661,15.999981289398663
1701944393098074265,4.76858773840541e-05,-0.0009647560136934151,15.999979104797639
1701944393099981608,5.2647505207369746e-05,-0.0009769221603098009,15.999976124038756
1701944393101595022,5.6980478814429586e-05,-0.0009871188226645569,15.999973453289185
1701944393102983666,6.079936817374439e-05,-0.0009958316574693257,15.99997104893946
1701944393105186558,6.698514033811141e-05,-0.0010095434364411095,15.999967052686447
1701944393106896815,7.186616148701296e-05,-0.001020108723942351,15.999963811656745
1701944393108192792,7.558588908160905e-05,-0.0010280714359716652,15.999961291777577
1701944393109697194,7.990043169579999e-05,-0.0010372792307779064,15.999958320616653
1701944393111336091,8.456809184626552e-05,-0.0010472779851381435,15.999955057719374
1701944393112513651,8.788748498829222e-05,-0.0010544523559331128,15.999952713554837
1701944393113488710,9.06084326179728e-05,-0.0010603968961208628,15.999950782719653
1701944393114995352,9.476221014089436e-05,-0.0010696049425205525,15.999947828528327
1701944393116713800,9.944120335508646e-05,-0.0010801555712269748,15.999944499686842
1701944393118055959,0.0001030729122919648,-0.0010884308112845168,15.999941919848359
1701944393119311013,0.0001064786734280561,-0.0010961850944957961,15.999939507652876
1701944393120361831,0.00010936209341751431,-0.0011026771313309592,15.999937474150617
1701944393122049900,0.0001141162265915894,-0.0011130742406382595,15.999934147937289
1701944393123213009,0.00011750695618930796,-0.001120201728737553,15.99993179944767
1701944393124390568,0.00012105847970256283,-0.001127375046778692,15.99992936396459
1701944393125564894,0.00012473051748374976,-0.0011344827074404398,15.99992687298374
1701944393126712003,0.00012844444925117358,-0.0011413844573033673,15.999924381417186
1701944393127895452,0.00013239454719741827,-0.0011484609319656856,15.999921761205178
1701944393129108985,0.00013654894812075918,-0.0011556768275471129,15.999919035969961
1701944393130187016,0.0001402995585987556,-0.0011620545845533073,15.99991659751609
1701944393131482061,0.00014482907628841527,-0.0011696815692677593,15.999913667582833
1701944393132528849,0.00014847015417554735,-0.0011758264484195119,15.999911311192262
1701944393133859224,0.00015300846853860464,-0.0011836323427723272,15.999908345897687
1701944393135706423,0.00015904241378961268,-0.0011945042502909814,15.99990430264191
1701944393137386436,0.00016418864302874978,-0.0012044606205770917,15.999900714026074
1701944393139078826,0.00016899652306576386,-0.0012145880848265938,15.999897196531519
1701944393140332521,0.00017230588538295517,-0.001222157821625794,15.999894661021576
1701944393141222815,0.00017453319846411764,-0.0012275660261832399,15.999892898539358
1701944393142774199,0.00017821728618637383,-0.0012370337918180465,15.999889900715548
1701944393144112007,0.00018123925438486254,-0.001245225212514721,15.99988738202354
1701944393145414585,0.00018410058453430367,-0.0012532039775940622,15.999884972567239
1701944393146640306,0.0001867711259764835,-0.0012607066225571516,15.99988272067488
1701944393147751077,0.00018921063839697717,-0.0012674978616430287,15.999880668498237
1701944393149155640,0.00019236690289617264,-0.0012760750785727785,15.999878017266951
1701944393150252871,0.00019490788186738236,-0.0012827693586656781,15.999875877712554
1701944393151603425,0.0001981389600491671,-0.0012910041004093615,15.99987313260602
1701944393152875136,1.1729862621576853e-10,-0.0013636350204984469,15.999999999959572
1701944393153878687,1.3968117251793543e-07,-0.00137953576003876,15.99999980312103
1701944393155118872,3.19306291120888e-07,-0.001388196205287536,15.99999953545282
1701944393156309147,5.256325655277502e-07,-0.001396500890164878,15.999999189707962
1701944393157607824,7.425219935175953e-07,-0.0014055555990606095,15.999998743252439
1701944393158841386,8.933309888868972e-07,-0.0014141541645762432,15.99999828380491
1701944393160046421,9.42107117302576e-07,-0.001422560946561864,15.999997830940961
1701944393161302407,8.462439445575235e-07,-0.0014313461517497118,15.999997378922115
1701944393162564089,5.681586338735793e-07,-0.0014402085931121717,15.999996960733334
1701944393163852381,7.945745913242629e-08,-0.0014493075424647952,15.99999657741877
1701944393165543464,-8.766629494043225e-07,-0.001461331499836939,15.999996139420572
1701944393167236675,-2.1709172085709917e-06,-0.001473457024678661,15.999995765512756
1701944393169635113,-4.508595881896123e-06,-0.0014907628695501939,15.999995321245672
1701944393170958758,-6.018645665396697e-06,-0.0015003676608984912,15.99999510982088
1701944393172302362,-7.670463647433856e-06,-0.001510145126629797,15.99999491064197
1701944393173482237,-9.191277782682872e-06,-0.0015187522216522835,15.999994742576083
1701944393174734942,-1.0847930531136553e-05,-0.0015279100912491297,15.999994564199653
1701944393176076107,-1.2642543987458329e-05,-0.0015377448152647953,15.999994364073627
1701944393177428128,-1.4450112678389708e-05,-0.0015476965871234639,15.99999414096436
1701944393178761597,-1.6213353108189297e-05,-0.001557556508149275,15.999993885741024
1701944393180157893,-1.8027873372877537e-05,-0.0015679422689217043,15.999993563919103
1701944393181562820,-1.9819569551282203e-05,-0.0015784592728533612,15.999993167363112
1701944393183003532,-2.163555236500688e-05,-0.0015893150156037843,15.999992671128792
1701944393184370209,-2.336415796826185e-05,-0.0015996782895298348,15.999992108803477
1701944393185519819,-2.484451256302182e-05,-0.0016084304698344687,15.999991565162672
1701944393186814784,-2.656255410155778e-05,-0.0016183029211524738,15.999990877322995
1701944393188063977,-2.8278589345012095e-05,-0.001627811901360042,15.999990141821662
1701944393189449161,-3.0241835841219775e-05,-0.001638299988744035,15.99998924997446
1701944393190884892,-3.2322307374051647e-05,-0.0016490689647974059,15.999988248951682
1701944393192299452,-3.439182776492572e-05,-0.0016595535243750816,15.999987195312803
1701944393193574318,-3.625619615800699e-05,-0.0016688943774908077,15.999986197314312
1701944393194850822,-3.8111891507524956e-05,-0.0016781538948868367,15.999985164761597
1701944393196223057,-4.00934725766201e-05,-0.0016880292352310128,15.999984036871279
1701944393197914734,-4.252624379512807e-05,-0.0017001335268886804,15.999982657218172
1701944393199377854,-4.463005510220148e-05,-0.00171056120416984,15.99998150791002
1701944393200781764,-4.665891678343563e-05,-0.0017205517261816706,15.999980478127648
1701944393202363578,-4.8965069540789715e-05,-0.0017317970019177411,15.999979442500004
1701944393203759166,-5.102211706930267e-05,-0.0017417192901888414,15.999978660576726
1701944393205299102,-5.331451183604354e-05,-0.0017526787527393072,15.999977952108056
1701944393206853097,-5.564451968466766e-05,-0.0017637683683736788,15.999977390937627
1701944393208070414,-5.7473700387813024e-05,-0.001772488961841671,15.999977039599074
1701944393209362395,-5.941011877352799e-05,-0.0017817854052628297,15.999976719044838
1701944393210695905,-6.139818372797375e-05,-0.0017914267208880904,15.99997640754979
1701944393211985027,-6.33091346677586e-05,-0.001800786531779545,15.99997609093621
1701944393213465128,-6.549222687054048e-05,-0.0018115631195658928,15.99997567254571
1701944393214973691,-6.770844040593855e-05,-0.001822552087229368,15.999975160608889
1701944393216416265,-6.982406868970461e-05,-0.0018330355315429425,15.99997457750979
1701944393217712533,-7.172893246738042e-05,-0.0018424086932918881,15.99997397246892
1701944393219119849,-7.381677646065131e-05,-0.0018525143960635344,15.999973230343755
1701944393220306849,-7.561249725870536e-05,-0.0018609770816241803,15.99997253815133
1701944393221335560,-7.721319140707116e-05,-0.0018682628106214817,15.999971892544698
1701944393222616674,-7.92944353217708e-05,-0.0018772685581707365,15.99997103501507
1701944393223814282,-8.135406280514374e-05,-0.0018856138380674364,15.999970185523008
1701944393225169792,-8.384888001629127e-05,-0.0018949596484142046,15.999969177163997
1701944393226470301,-8.642883756491045e-05,-0.0019038100413002565,15.999968171621145
1701944393228183925,-9.014116870804053e-05,-0.0019152963886203476,15.999966800844588
1701944393229743372,-9.384580089238179e-05,-0.0019255885029005495,15.999965515813658
1701944393231437429,-9.822989518619524e-05,-0.0019366403161906718,15.999964087086411
1701944393232827153,-0.00010210007974166102,-0.0019456509032386386,15.999962895501236
1701944393234248042,-0.00010629248240514654,-0.0019548563725590076,15.999961667936914
1701944393235869637,-0.00011133511229726672,-0.0019654003602037145,15.99996026864597
1701944393237605592,-0.00011699111628139596,-0.0019767575790619538,15.999958789447184
1701944393239237604,-0.00012250971107931715,-0.0019875091157002824,15.999957428180087
1701944393240460741,-0.00012674997256674332,-0.001995612181786312,15.999956429026128
1701944393241686838,-0.00013107217368535904,-0.002003770587034598,15.99995544074139
1701944393242975424,-0.00013567803993441742,-0.0020123782773240023,15.999954404585782
1701944393244159976,-0.000139961841405145,-0.0020203175096764675,15.999953440163347
1701944393245385815,-0.00014444275367100912,-0.0020285588883620664,15.999952413592634
1701944393246751746,-0.00014949021281766503,-0.0020377634554481455,15.999951220354998
1701944393247963775,-0.00015401698585003034,-0.002045941815305314,15.999950111563049
1701944393249708340,3.308178104827371e-11,-0.001022816485296399,15.999999999991537
1701944393251333875,-1.761709003016188e-07,-0.0010109313135297617,15.999999835866397
1701944393252656468,-3.4148107740439783e-07,-0.0010062477365163137,15.999999689577365
1701944393254002359,-5.662450983849807e-07,-0.0010014546366467723,15.999999514883683
1701944393255150749,-8.056526546575042e-07,-0.000997338661113873,15.99999936010953
1701944393256371283,-1.1135672378646164e-06,-0.0009929407575207398,15.999999203801906
1701944393257778787,-1.5460607128358988e-06,-0.0009878488523942543,15.999999044351107
1701944393259439534,-2.1739855865220707e-06,-0.0009818333433153784,15.999998888751136
1701944393261165727,-2.968906176223016e-06,-0.0009755851592681871,15.999998760044367
1701944393262889790,-3.907829157131153e-06,-0.0009693526938208262,15.999998656657427
1701944393264282923,-4.767579017580057e-06,-0.0009643198508664592,15.999998585541022
1701944393265498171,-5.584041909751343e-06,-0.0009599274916745421,15.99999852829445
1701944393266831228,-6.536677469003894e-06,-0.0009551079816066587,15.999998464794164
1701944393268120362,-7.494763238853194e-06,-0.0009504545936132451,15.99999839462313
1701944393269844809,-8.787954173615212e-06,-0.0009442699239409307,15.999998268493332
1701944393271189201,-9.774084603476133e-06,-0.0009395016878583726,15.999998131662332
1701944393272521476,-1.070189106438651e-05,-0.0009348419853936791,15.99999795132948
1701944393273898988,-1.1587142426312744e-05,-0.0009301010425545724,15.999997711526769
1701944393275165542,-1.2323852024181274e-05,-0.000925808508661027,15.999997442152464
1701944393276421058,-1.2979330869570715e-05,-0.0009216037224861021,15.99999713109607
1701944393277655781,-1.355684185008704e-05,-0.0009175030292229523,15.999996785704527
1701944393278881337,-1.4075373212192386e-05,-0.0009134562056837364,15.99999640688515
1701944393280107663,-1.4554900277079888e-05,-0.0009094260583876794,15.999995993438894
1701944393281505591,-1.5074226756375793e-05,-0.0009048628033014361,15.999995481848359
1701944393282881126,-1.5575621740032108e-05,-0.0009004139377210196,15.999994939375467
1701944393284174079,-1.6052176669167053e-05,-0.0008962753833853021,15.999994399913366
1701944393285526124,-1.656669495800395e-05,-0.0008919910982752086,15.999993816046176
1701944393286909941,-1.71180431083192e-05,-0.0008876417986629615,15.999993211927467
1701944393288077080,-1.76061223109918e-05,-0.0008839935762230541,15.999992707445893
1701944393289478194,-1.822256669750447e-05,-0.000879630703814493,15.999992113306435
1701944393291128248,-1.898873604867269e-05,-0.0008745268129521237,15.999991416644418
1701944393292834707,-1.981569878311956e-05,-0.0008693090555829934,15.999990658631607
1701944393294600123,-2.0684271273971413e-05,-0.0008640033934924908,15.999989766291316
1701944393295967133,-2.134642481947596e-05,-0.0008599634280376859,15.99998895083159
1701944393297356338,-2.1988933353664166e-05,-0.0008559066769420403,15.999987970113528
1701944393298681517,-2.2555178988496608e-05,-0.0008520568578620019,15.999986875107922
1701944393300384552,-2.3184987481942584e-05,-0.0008470831345953499,15.999985248995127
1701944393302031681,-2.3658713070801946e-05,-0.0008421966162491754,15.999983481023241
1701944393303913686,-2.4003085986629974e-05,-0.0008364830533835561,15.999981305358101
1701944393305476132,-2.4120486923203102e-05,-0.0008316325106056588,15.999979435113026
1701944393306854085,-2.410752841804039e-05,-0.0008272993823501748,15.99997778521241
1701944393308082792,-2.4026878854973812e-05,-0.0008234214014944166,15.999976339869969
1701944393309530691,-2.3892596678710697e-05,-0.0008188774550696816,15.999974685828976
1701944393311043828,-2.3760133064647852e-05,-0.0008141913885897191,15.999973015750138
1701944393312085623,-2.3701973391616634e-05,-0.000811010093019002,15.999971895244261
1701944393313837166,-2.3721957836984324e-05,-0.000805740722027673,15.999970044793395
1701944393315274125,-2.386877178975933e-05,-0.000801475264933575,15.999968544142199
1701944393316820931,-2.4157719639569767e-05,-0.0007969194561866235,15.999966934771887
1701944393318247099,-2.4516562396355957e-05,-0.0007927318602865438,15.999965452365817
1701944393319592762,-2.4888267265509535e-05,-0.0007887825702680845,15.999964058116676
1701944393321333442,-2.5319999690774002e-05,-0.0007836767926515946,15.99996227079093
1701944393323350606,-2.5623628043510744e-05,-0.000777787605443252,15.999960231321781
1701944393324974533,-2.5630843935134917e-05,-0.0007730960497107766,15.999958609810777
1701944393326623009,-2.5349030596162594e-05,-0.0007684073736672902,15.999956955301007
1701944393327923574,-2.4887509612237416e-05,-0.0007647711731173581,15.999955608558533
1701944393329250823,-2.4181547130201094e-05,-0.0007611181844901138,15.999954141499122
1701944393330612754,-2.321756439455248e-05,-0.0007574253765645573,15.99995247252825
1701944393332201772,-2.1829383592038156e-05,-0.0007531801963667676,15.999950226303213
1701944393333688095,-2.0333688975230298e-05,-0.0007492658751800677,15.999947766006784
1701944393335186599,-1.8702115724291374e-05,-0.0007453630202372784,15.99994488587174
1701944393336632790,-1.7071432616495405e-05,-0.0007416159140484262,15.999941711348665
1701944393338133273,-1.5386726891385382e-05,-0.0007377144114064819,15.999938027386811
1701944393339462058,-1.3957823075305373e-05,-0.0007342181083283318,15.999934471966425
1701944393340749949,-1.2685723716313426e-05,-0.0007307650668657016,15.999930809733076
1701944393342270313,-1.1391598108753483e-05,-0.0007265768735926043,15.99992627143931
1701944393343606969,-1.0474562527987705e-05,-0.0007227733494183781,15.999922121540086
1701944393345063159,-9.731501051819954e-06,-0.0007184829935001375,15.99991744164227
1701944393346516999,-9.257513514578563e-06,-0.0007140508173206711,15.999912590550522
1701944393347821960,-9.045156702637109e-06,-0.0007099677226428297,15.999908060147222
1701944393349221928,-9.003451413530427e-06,-0.0007055158528967002,15.99990298735404
1701944393350597943,-9.09640614173457e-06,-0.00070110820495677,15.999897777848217
1701944393352232618,-5.500306282077471e-12,-0.0010228154749802286,16.000000000131095
1701944393353989947,-1.1465064653881163e-07,-0.001022841434773652,15.99999940050599
1701944393355877010,-2.2776589387271283e-07,-0.0010228816727617398,15.99999858956504
1701944393357284994,-2.7422064844157934e-07,-0.0010229212560379313,15.999997824628679
1701944393358555642,-2.6058241348223247e-07,-0.001022952635604876,15.999997064798482
1701944393359748360,-1.8823798989037153e-07,-0.0010229674441047127,15.999996323162252
1701944393360948446,-5.5470285970769116e-08,-0.0010229611917938763,15.99999556644173
1701944393362137038,1.2788043034046532e-07,-0.0010229363769660475,15.999994807409363
1701944393363464472,3.727856065263619e-07,-0.0010229047586818515,15.999993931573817
1701944393364636083,5.987459550311432e-07,-0.0010228973161642973,15.999993110896742
1701944393366075659,8.428858139550679e-07,-0.001022950152719811,15.999992004011665
1701944393367493354,1.0045220490641038e-06,-0.0010230866143174048,15.999990777152409
1701944393368860648,1.0512379715400847e-06,-0.0010232907876944635,15.999989446659225
1701944393370264342,9.61025893229539e-07,-0.0010235416059470356,15.999987929007979
1701944393371692749,7.083497370720652e-07,-0.0010237887729977063,15.999986244100052
1701944393373046567,3.1590395043830874e-07,-0.0010239627519467694,15.999984543764612
1701944393374607648,-2.9990362823247863e-07,-0.0010240248756422084,15.999982493671341
1701944393375826339,-8.717936747938194e-07,-0.0010239363888259296,15.99998083695443
1701944393377140335,-1.5285105308516295e-06,-0.0010236850772357814,15.999978987832366
1701944393378344446,-2.1254887394857833e-06,-0.0010233147718593095,15.999977212754745
1701944393379650150,-2.7249375008670962e-06,-0.0010227829140446,15.999975165434028
1701944393380868745,-3.211853663917423e-06,-0.0010221885279440694,15.99997311175871
1701944393382275005,-3.6646150940152283e-06,-0.0010214124659547763,15.999970554190355
1701944393384037016,-4.057593330950129e-06,-0.0010203300544694958,15.999967086821002
1701944393386631518,-4.30747737998622e-06,-0.0010185503716838226,15.99996156815943
1701944393387994132,-4.29844144134098e-06,-0.001017541571752426,15.999958527883555
1701944393389375070,-4.213025656786647e-06,-0.0010164896615724923,15.999955408448116
1701944393390361948,-4.116035501218192e-06,-0.0010157344409992268,15.999953179373637
1701944393391855534,-3.9342673949838904e-06,-0.0010146227182683864,15.999949837303454
1701944393393471053,-3.7098393374220743e-06,-0.0010134995189668618,15.999946272824078
1701944393394904530,-3.498262801056847e-06,-0.0010125966795397066,15.999943149818952
1701944393396202382,-3.298820682730298e-06,-0.0010118615797538935,15.999940347296993
1701944393397538814,-3.0783888865462763e-06,-0.0010111740787785949,15.999937478903428
1701944393399053209,-2.791984730677728e-06,-0.0010104515843607131,15.999934250689833
1701944393400402439,-2.4842107914357385e-06,-0.0010098327013850633,15.999931396895823
1701944393401570971,-2.160222063416526e-06,-0.0010093000799347835,15.999928947821477
1701944393403171271,-1.599700754287584e-06,-0.0010085628291398164,15.999925630183617
1701944393404470331,-1.0260497562468655e-06,-0.0010079571017009591,15.9999229642362
1701944393405660005,-3.921823720918722e-07,-0.0010073997208228066,15.99992053564221
1701944393406834799,3.453066216245052e-07,-0.0010068473512105894,15.999918134635623
1701944393408261296,1.3932408013255253e-06,-0.001006166925446033,15.999915194251637
1701944393409502487,2.4370785974252843e-06,-0.0010055543672051724,15.999912595930503
1701944393410820779,3.6671221774400204e-06,-0.0010048684266007859,15.999909779610624
1701944393412088171,4.948043625943687e-06,-0.0010041684510049959,15.999907007636482
1701944393413657010,6.627494854000963e-06,-0.001003255231368662,15.999903486152213
1701944393415349942,8.507075117411137e-06,-0.0010022377817957132,15.999899581682211
1701944393416996552,1.0356979445951461e-05,-0.0010012495333718563,15.999895699411756
1701944393418334850,1.1854025651972268e-05,-0.0010004669975803827,15.999892500805016
1701944393419953770,1.3643664453582424e-05,-0.0009995566385837954,15.999888611159813
1701944393421193394,1.5000805310832325e-05,-0.0009988811703816633,15.999885633753104
1701944393422509012,1.643950273505547e-05,-0.0009981690753194446,15.999882487476853
1701944393423767953,1.7826775381282193e-05,-0.000997478380929525,15.999879493173827
1701944393424748330,1.8921168200945573e-05,-0.0009969304849068014,15.99987717053234
1701944393426121767,2.0483905901814582e-05,-0.0009961562511727642,15.99987391869147
1701944393427566702,2.217016201033156e-05,-0.000995353162938795,15.999870484945756
1701944393428862768,2.3719478768227115e-05,-0.000994663844622795,15.999867383507395
1701944393430026793,2.5138696072515e-05,-0.0009940829913932193,15.999864574493843
1701944393431412949,2.6859261267603975e-05,-0.000993442728967755,15.999861199006489
1701944393432876693,2.8708620659927733e-05,-0.0009928163687244875,15.999857606478967
1701944393434178998,3.038155202739641e-05,-0.0009922845925299476,15.999854397054099
1701944393435594701,3.223070681384334e-05,-0.0009917144036675897,15.999850913301994
1701944393437021366,3.413065031182395e-05,-0.0009911397063322844,15.999847425871636
1701944393438218529,3.5758379616425024e-05,-0.0009906617317540934,15.99984452672568
1701944393439451452,3.747049393215765e-05,-0.0009901884936545345,15.999841573942016
1701944393440763886,3.933718106294952e-05,-0.0009897254131946884,15.99983846537019
1701944393441991088,4.112522116217619e-05,-0.0009893442421069186,15.999835585030945
1701944393443231582,4.297443760772578e-05,-0.0009890147883052335,15.999832688404274
1701944393444443734,4.4819605081313375e-05,-0.0009887411523816741,15.999829861567271
1701944393446306155,4.77203073721418e-05,-0.0009883804434447736,15.999825504737323
1701944393447952169,5.034325462708202e-05,-0.0009880882428395874,15.999821632179314
1701944393449415319,5.2717242740162135e-05,-0.0009878204581342301,15.999818172038092
1701944393450725906,5.487813108281272e-05,-0.000987558736604913,15.999815062766103
1701944393452531720,5.791476457411232e-05,-0.0009871574109917,15.999810781019326
1701944393453835027,6.015449123143646e-05,-0.0009868429830453185,15.999807706409753
1701944393455073317,6.232855090222675e-05,-0.00098653327691034,15.999804811758896
1701944393456284605,6.450567617038697e-05,-0.0009862271279729774,15.999802021202974
1701944393457527134,6.679774716583455e-05,-0.0009859138019485986,15.999799215727258
1701944393458785652,6.918167897075301e-05,-0.0009855978608994222,15.999796448793164
1701944393459984142,-4.0038791469039665e-11,0.00034093768580530613,15.999999999882391
1701944393461492189,1.3614274876809598e-07,0.000375197302924116,16.000000208286952
1701944393462913303,3.110479090088042e-07,0.000393183839423975,16.000000486506632
1701944393464063871,4.947145186320353e-07,0.00040774685335723704,16.00000079774926
1701944393465164332,6.959949088989486e-07,0.00042167101112750444,16.000001164129955
1701944393466783919,1.0208083567347882e-06,0.0004421421564920363,16.000001816395425
1701944393468067978,1.2951376660840445e-06,0.0004583464381403681,16.000002424713706
1701944393469431731,1.6008795067799627e-06,0.00047552963004198487,16.00000315794324
1701944393470618428,1.8842432164026189e-06,0.0004904581447879806,16.00000387174086
1701944393471821988,2.200131435439547e-06,0.0005055747162733167,16.000004672708197
1701944393473025207,2.5611132010369546e-06,0.0005206708501568177,16.000005555786665
1701944393474200056,2.974346464563166e-06,0.0005353947577311297,16.000006498151702
1701944393475436697,3.4911873614702743e-06,0.0005508819695243967,16.00000757056604
1701944393477370173,4.491177879842012e-06,0.0005750624391544609,16.00000938445683
1701944393479021168,5.532276355429347e-06,0.0005956686181299708,16.00001103582599
1701944393480657207,6.7159821093426654e-06,0.0006160544886648796,16.000012728617822
1701944393481876492,7.67384818718358e-06,0.0006312289615868816,16.00001400633952
1701944393483350547,8.875612307475021e-06,0.0006495711607658844,16.000015550264585
1701944393484480076,9.802006429347059e-06,0.0006636387117969337,16.0000167296969
1701944393486578638,1.1456380436587603e-05,0.000689857264934421,16.00001893755721
1701944393487921937,1.2441205472795623e-05,0.0007067186398462191,16.00002038680768
1701944393489195016,1.329652278636522e-05,0.0007227736916981577,16.00002182387163
1701944393490541829,1.4104834487712271e-05,0.0007398419170869762,16.000023454732265
1701944393491997380,1.4868271904268687e-05,0.000758382236386162,16.00002539176908
1701944393493212118,1.5430144378920985e-05,0.0007739217370836688,16.00002717418579
1701944393494691571,1.6047025171560952e-05,0.0007929057543368932,16.000029569699404
1701944393495834265,1.648657632621601e-05,0.0008075945477446848,16.000031588945344
1701944393497104068,1.6951769736613466e-05,0.0008239143928109922,16.0000339893804
1701944393498258251,1.736672450353858e-05,0.0008387281358730945,16.000036292110654
1701944393500060593,1.804052600109452e-05,0.0008618026574042109,16.000040057632514
1701944393502064803,1.8880515314536714e-05,0.0008873837073296901,16.000044419829923
1701944393503479411,1.9560296997114503e-05,0.0009053973041082227,16.000047573421433
1701944393504833317,2.0296394728025765e-05,0.0009226009977650484,16.00005062295713
1701944393506095431,2.1065410672059892e-05,0.0009386100267667843,16.000053482664676
1701944393507787597,2.222756944366368e-05,0.0009600255923026196,16.00005733813479
1701944393509434361,2.350597854179167e-05,0.0009808205670600006,16.000061124314715
1701944393511005334,2.485909754409764e-05,0.0010006394375080448,16.00006479111147
1701944393512216074,2.5982197524269445e-05,0.0010159223329996691,16.000067674602448
1701944393513677963,2.7406483841102723e-05,0.0010344248483532541,16.000071257217655
1701944393514898996,2.862967687821877e-05,0.001049944558313892,16.000074357165907
1701944393516262174,3.0000829073014188e-05,0.0010673794922933149,16.000077961840184
1701944393517762615,3.148632392346647e-05,0.0010867226001293735,16.00008212817366
1701944393519327697,3.2982925886538714e-05,0.0011070780381855173,16.00008671509781
1701944393520808481,3.4327775545483104e-05,0.0011264872536022983,16.000091292413842
1701944393522301174,3.559182665167953e-05,0.001146151145549038,16.000096144045703
1701944393523627842,3.66225918800238e-05,0.0011636559832518267,16.00010065446677
1701944393524770593,3.743332652602998e-05,0.0011787154136363468,16.00010468573707
1701944393525832051,3.812219304435779e-05,0.0011926586417131966,16.00010854480909
1701944393527487388,3.908677104592771e-05,0.0012142873189470776,16.000114764533553
1701944393528799785,3.9772017475050566e-05,0.0012313351477253331,16.000119856027595
1701944393530202353,4.0452309340438476e-05,0.0012494704785121443,16.00012543372171
1701944393531716332,4.115867104309409e-05,0.0012689742298340162,16.000131591480134
1701944393533195284,4.185161307586478e-05,0.0012879734970361904,16.000137726359863
1701944393534337126,4.240488147034722e-05,0.0013026068908466647,16.00014253464367
1701944393535603731,4.3049064228240484e-05,0.0013187898211190958,16.00014793560052
1701944393537511281,4.408784699563379e-05,0.0013430060516540626,16.000156195647747
1701944393539510179,4.5262725758839766e-05,0.0013681381807445967,16.00016501516029
1701944393541250023,4.634691707267699e-05,0.0013898037709991478,16.000172834162804
1701944393542308396,4.702591383219822e-05,0.001402905505494399,16.00017766111699
1701944393543539324,4.7817214248860725e-05,0.0014181099610183557,16.00018335138343
1701944393545389064,4.896618896412765e-05,0.001440968654415825,16.00019207188087
1701944393546255789,4.947423998787507e-05,0.001451696424271875,16.00019622942953
1701944393547597471,5.019247476449091e-05,0.0014683307875714387,16.0002027529068
1701944393549296307,5.095089623801074e-05,0.0014894140890088707,16.000211151725733
1701944393550409594,5.134249908574263e-05,0.0015032162573053677,16.000216726951592
1701944393551814765,5.170123961047581e-05,0.0015205978864264724,16.000223827448817
1701944393553120611,5.1889112140940025e-05,0.00153670030054095,16.000230473464335
1701944393554225642,5.1933786068854985e-05,0.001550294562322831,16.00023612296113
1701944393555690530,5.183142033451185e-05,0.0015682863311038443,16.0002436313903
1701944393557024864,5.1585337965225164e-05,0.001584663749217369,16.000250479908324
1701944393558232068,5.125036927049895e-05,0.0015994797911888113,16.000256675469597
1701944393559724088,5.071506611140342e-05,0.0016178038583113214,16.000264332591236
1701944393561016535,5.0165509863435426e-05,0.0016336889020728885,16.000270971085005
1701944393562178530,1.0079885164667336e-10,0.0003409395121664934,16.00000000002069
1701944393563443564,-7.821394116029046e-08,0.00034095234389111626,16.0000000492087
1701944393564765815,-1.7574330893363068e-07,0.0003409674906881384,16.000000128733987
1701944393566676614,-3.3880032994063503e-07,0.0003409888580181978,16.00000035908864
1701944393568333673,-4.7388752793796563e-07,0.0003409972795478379,16.000000696773196
1701944393570232774,-5.897572866024041e-07,0.0003409750675804325,16.000001258597074
1701944393572208443,-6.429995605708616e-07,0.00034088485876674886,16.00000202566577
1701944393573582307,-6.333784015524312e-07,0.00034075970139857143,16.00000264287233
1701944393574834060,-5.945981425641106e-07,0.0003405788411904435,16.00000323044821
1701944393576104383,-5.402237857895006e-07,0.0003403069779198037,16.000003813838394
1701944393577007182,-5.055097145880515e-07,0.00034004749846301935,16.000004201766757
1701944393578372582,-4.928110592469753e-07,0.00033953361968000007,16.00000472000951
1701944393579887516,-5.708629392002686e-07,0.0003387918261985616,16.000005189561936
1701944393580988837,-7.084747501296241e-07,0.00033815204743001406,16.000005464536898
1701944393582464992,-1.0262358370087557e-06,0.00033720468275311963,16.000005761249298
1701944393584079813,-1.5681609839300234e-06,0.00033610901420472633,16.000006006761012
1701944393585227645,-2.0828132358567633e-06,0.0003353269602972505,16.000006134363524
1701944393586571318,-2.8201584208234067e-06,0.0003344467145899123,16.00000622804902
1701944393588042541,-3.782701755590744e-06,0.0003335565201148444,16.00000624747773
1701944393589374090,-4.776010035871196e-06,0.00033283650751108235,16.000006178346258
1701944393590703457,-5.859928907216617e-06,0.00033221349225742144,16.00000602343444
1701944393592114013,-7.080892460305275e-06,0.0003316704504621853,16.000005776286336
1701944393593438692,-8.265935426202877e-06,0.00033128037500661705,16.000005490026187
1701944393594772533,-9.470043160244007e-06,0.0003310073532263039,16.000005182189756
1701944393595897698,-1.0479471652823716e-05,0.0003308619051216419,16.000004932727744
1701944393597514255,-1.1908560523607245e-05,0.0003307441886996297,16.000004628893556
1701944393599125400,-1.331245175277566e-05,0.0003306686368890114,16.000004410700903
1701944393600811481,-1.4775005015433576e-05,0.0003305458097457645,16.000004279991455
1701944393603443254,-1.7085483452099717e-05,0.00033009015868000214,16.000004257678345
1701944393605056478,-1.8536342158176802e-05,0.00032959875038129905,16.000004338082654
1701944393606245404,-1.9635635756277322e-05,0.0003291131680007446,16.000004431137235
1701944393607734027,-2.107021602623798e-05,0.00032834747827763814,16.0000045752542
1701944393608985201,-2.2342611146742873e-05,0.0003275661950508479,16.00000471577626
1701944393610150184,-2.3592509025660876e-05,0.00032672695415749856,16.000004862844847
1701944393611487413,-2.510676808370255e-05,0.00032563723330027123,16.00000505564955
1701944393612905927,-2.679600441469763e-05,0.00032434969391148647,16.000005294757646
1701944393614181340,-2.8372997937273496e-05,0.0003231000115833448,16.00000554460202
1701944393615520673,-3.006996787202455e-05,0.0003217323738625913,16.000005843634597
1701944393616634455,-3.14983057936249e-05,0.00032058832612114665,16.000006116877238
1701944393618246579,-3.3563778290003236e-05,0.0003190016162075529,16.0000065318801
1701944393619445400,-3.50799917114753e-05,0.0003179200308168822,16.000006837429165
1701944393620736794,-3.667423007684158e-05,0.0003168954675849623,16.00000713533584
1701944393622005801,-3.8187050866555114e-05,0.00031605631108544484,16.000007368152986
1701944393623279880,-3.964479475653242e-05,0.00031538535898692813,16.000007514717186
1701944393624490891,-4.097163724998515e-05,0.00031489424821655405,16.00000755374133
1701944393625686390,-4.22280100137397e-05,0.0003145289371412739,16.000007487626743
1701944393626925347,-4.348247400025236e-05,0.0003142555339788313,16.000007314001525
1701944393628137327,-4.4675152636886144e-05,0.0003140804984512304,16.000007057790537
1701944393629744915,-4.622792852903316e-05,0.00031398623785186243,16.000006630991745
1701944393631637754,-4.804439112635758e-05,0.00031408412302974764,16.000006069147506
1701944393633497152,-4.9843305582223124e-05,0.00031440276299522595,16.00000552118112
1701944393634900322,-5.122292889733613e-05,0.00031477587284630255,16.000005144571034
1701944393636529791,-5.2857975670320766e-05,0.0003153032173542134,16.00000477400832
1701944393637994409,-5.435940205955668e-05,0.0003158037771171787,16.000004509936026
1701944393639333002,-5.5754205320625765e-05,0.0003162247571216418,16.000004324759963
1701944393640587750,-5.70760108778462e-05,0.0003165479799309199,16.000004195616924
1701944393641825044,-5.838518632867018e-05,0.0003167825919607092,16.000004106267706
1701944393643040700,-5.9668463231455424e-05,0.0003169392276324011,16.000004051952974
1701944393644317266,-6.100127028195802e-05,0.0003170511362290897,16.00000402670545
1701944393645573157,-6.2286816320917e-05,0.0003171391115165643,16.000004027721587
1701944393646884619,-6.359110194345271e-05,0.0003172324334235204,16.000004046452226
1701944393648293355,-6.494024240426432e-05,0.0003173447058150427,16.000004072585256
1701944393649719045,-6.624847505177277e-05,0.0003174668775384209,16.000004089336468
1701944393651166446,-6.752143509897251e-05,0.00031759196042830583,16.000004079974094
1701944393652516002,-6.866758268620503e-05,0.0003177116791707801,16.000004034724537
1701944393653773815,-6.971364610797736e-05,0.00031784165787833256,16.000003952576222
1701944393655009873,-7.073639472959228e-05,0.00031801301367479417,16.000003829894922
1701944393656223467,-7.17525893974028e-05,0.0003182513936322327,16.00000366803559
1701944393657502964,-7.285749426769212e-05,0.0003186018247690606,16.000003455164247
1701944393658940832,-7.416509865411842e-05,0.0003191295839576854,16.00000317097163
1701944393660522819,-7.57076300562734e-05,0.0003198686553069037,16.000002815246745
1701944393662134874,-7.740427900265736e-05,0.0003207730200626629,16.000002419437273
1701944393664091563,-3.416042855487397e-11,1.81143145513811e-10,16.00000000002079
1701944393665477837,-2.696513113368946e-07,-1.0932210317126954e-05,15.999999953408949
1701944393666950638,-5.556233947675115e-07,-1.5599481919100875e-05,15.999999903050345
1701944393669033735,-1.115468813940378e-06,-2.2082890974495886e-05,15.999999797017777
1701944393670229303,-1.5107466566129114e-06,-2.5753336282613744e-05,15.999999715739985
1701944393671417585,-1.944568687061944e-06,-2.9376658049066672e-05,15.99999961893473
1701944393672710995,-2.444785959337781e-06,-3.330316807772294e-05,15.999999495527616
1701944393674008720,-2.954556835019106e-06,-3.7237509999121814e-05,15.999999353441547
1701944393675224171,-3.4210127104012904e-06,-4.093194898571065e-05,15.999999204046095
1701944393676349239,-3.8325465397868975e-06,-4.43722905444679e-05,15.999999051561181
1701944393677640714,-4.277289329491511e-06,-4.835696773183855e-05,15.999998859623974
1701944393679059445,-4.73823670351574e-06,-5.278303593108337e-05,15.999998628920466
1701944393680348970,-5.143532496415726e-06,-5.684777073932016e-05,15.999998403317273
1701944393681666036,-5.55943464045611e-06,-6.103620457556365e-05,15.999998160204248
1701944393682947134,-5.980172595917547e-06,-6.51352470597105e-05,15.999997914229835
1701944393684163315,-6.405896974717364e-06,-6.903927736931625e-05,15.999997673426353
1701944393685461844,-6.896663372926187e-06,-7.320601084688157e-05,15.999997407726505
1701944393686778807,-7.4348727919378855e-06,-7.741718088763656e-05,15.999997124247297
1701944393687930746,-7.937451287718468e-06,-8.108183687015537e-05,15.999996856287453
1701944393689149961,-8.499034671081694e-06,-8.494173988002218e-05,15.999996537226686
1701944393690608706,-9.210112656291532e-06,-8.954966850409634e-05,15.999996079977425
1701944393692350658,-1.0115309762968038e-05,-9.505963384812218e-05,15.999995382500698
1701944393693941923,-1.0994905450591512e-05,-0.00010012016862110568,15.999994561846435
1701944393695403892,-1.1844133423380245e-05,-0.00010480324913640792,15.999993621835003
1701944393696802780,-1.2689438430616919e-05,-0.00010931705719941403,15.999992533842358
1701944393698228454,-1.358074150219839e-05,-0.00011394618809030483,15.99999122237248
1701944393699976654,-1.471484008329394e-05,-0.00011965850893955937,15.999989327942055
1701944393701568590,-1.5787719955993514e-05,-0.00012488702345978816,15.999987332626995
1701944393703278825,-1.698328197469886e-05,-0.00013052375755975037,15.999984914754563
1701944393704780537,-1.80689515631969e-05,-0.0001354816751681494,15.999982571758068
1701944393706235395,-1.9151635995766668e-05,-0.00014028201923364827,15.999980123219277
1701944393707820574,-2.0366189138701836e-05,-0.00014549982865596925,15.999977276761411
1701944393709074952,-2.1353654216188632e-05,-0.00014961386398326844,15.999974908140452
1701944393710246612,-2.2297456101264724e-05,-0.0001534421259489517,15.999972616757004
1701944393711693908,-2.3490811112580635e-05,-0.00015815107255300883,15.999969697172121
1701944393713130213,-2.470195892257577e-05,-0.00016280197583917584,15.999966715499541
1701944393714739106,-2.608604553853671e-05,-0.00016799109505100029,15.999963285615832
1701944393716005906,-2.7192588381006036e-05,-0.00017206676650178787,15.999960522310325
1701944393717334621,-2.836384303022793e-05,-0.00017634074560388732,15.9999575669986
1701944393718816437,-2.967448349152579e-05,-0.00018111730517438455,15.99995420451989
1701944393720439644,-3.110272664179712e-05,-0.00018637298883424693,15.999950444458067
1701944393721866715,-3.2341392502741715e-05,-0.00019102374884966383,15.99994707419431
1701944393723987473,-3.413307740725084e-05,-0.00019800571330479372,15.999941955620601
1701944393725669346,-3.55009931233067e-05,-0.00020360871930059392,15.999937804818826
1701944393727036728,-3.657148999890239e-05,-0.00020821103812866096,15.999934369907258
1701944393728366549,-3.757105158595619e-05,-0.00021272758846427905,15.999930976738554
1701944393729807439,-3.8602652197463964e-05,-0.00021766185232685467,15.999927242332676
1701944393731092754,-3.9476413496517896e-05,-0.00022209534168776302,15.999923860205366
1701944393732521667,-4.0399277158845486e-05,-0.00022705271881213868,15.999920046414903
1701944393734153310,-4.14000704167162e-05,-0.00023273777264937295,15.999915631474895
1701944393735689544,-4.2303799740480936e-05,-0.00023810499221446033,15.999911426782223
1701944393737095502,-4.311015521776102e-05,-0.00024301838427080526,15.99990755396614
1701944393738666628,-4.400138668654449e-05,-0.00024850215189652455,15.999903219569035
1701944393739912392,-4.470856769974931e-05,-0.0002528460096565361,15.999899790594261
1701944393741362267,-4.553971236269872e-05,-0.00025790076140799696,15.9998958276272
1701944393742870831,-4.641901094338694e-05,-0.00026317324121397567,15.999891749037168
1701944393744290819,-4.726234076497896e-05,-0.0002681636117672527,15.999887959889083
1701944393745599360,-4.805282800012248e-05,-0.00027279694816505245,15.999884514805283
1701944393746857374,-4.882454808153693e-05,-0.0002772912712377284,15.99988124280663
1701944393748108114,-4.9602569161391103e-05,-0.00028179989610225555,15.9998780246666
1701944393749423990,-5.043164137098891e-05,-0.00028658590352527105,15.999874668335076
1701944393750726145,-5.1260075198317876e-05,-0.0002913630314273973,15.999871367332155
1701944393752088242,-5.2130021993237313e-05,-0.00029640071205391116,15.99986792757392
1701944393753973312,-5.332933316660467e-05,-0.00030344121554822293,15.999863177513976
1701944393756078375,-5.465064108216347e-05,-0.0003114024966936018,15.999857879984464
1701944393757535839,-5.554778568519071e-05,-0.00031697616001630246,15.999854218423383
1701944393758785804,-4.148924587677079e-11,-0.0013636342147795829,15.999999999956705
1701944393760132580,3.717074029429554e-08,-0.0014011017090299778,16.000000022197778
1701944393761406602,8.432794381432849e-08,-0.0014195383656552345,16.000000052685817
1701944393762761133,1.5822039728184419e-07,-0.0014391655699771307,16.00000010729951
1701944393764106529,2.54849558779583e-07,-0.0014586796611931704,16.000000189516978
1701944393765638690,3.873671961846727e-07,-0.0014809101753220206,16.00000032039394
1701944393767329501,5.507996837429906e-07,-0.0015054417053901958,16.000000509922483
1701944393768564073,6.73809897254024e-07,-0.001523344338685362,16.000000675236706
1701944393769866444,7.973453356583723e-07,-0.001542220305262365,16.000000869403774
1701944393771211922,9.08369270308283e-07,-0.0015617029092819792,16.00000108651438
1701944393772478106,9.891289298558523e-07,-0.0015800237372788494,16.000001303255353
1701944393773825326,1.0426483972348332e-06,-0.001599499315341338,16.000001546189377
1701944393775267102,1.0593736284857535e-06,-0.0016203166690013765,16.000001821880126
1701944393776744664,1.0352251332502278e-06,-0.001641622834976594,16.00000212476778
1701944393778112060,9.827208357905507e-07,-0.0016613167515225368,16.000002426909347
1701944393779377004,9.176240187932303e-07,-0.001679506563585339,16.000002727346235
1701944393780850379,8.342528664880518e-07,-0.0017006687221659455,16.000003103862337
1701944393782130503,7.629307494504251e-07,-0.0017190331245783047,16.000003453057822
1701944393783723043,6.826107177470962e-07,-0.001741863023909742,16.000003911788994
1701944393785449471,6.081930757045332e-07,-0.0017665953244151392,16.000004432742564
1701944393787061474,5.48516956580942e-07,-0.0017896787762420735,16.000004935196362
1701944393788462703,5.006957622547139e-07,-0.0018097361363818845,16.000005380807206
1701944393789945105,4.4971296337236455e-07,-0.0018309437444294673,16.000005859363313
1701944393791383275,3.966303214748968e-07,-0.0018514962533369354,16.000006330703457
1701944393792541717,3.501134050648191e-07,-0.0018680324696261608,16.000006716554115
1701944393793719801,2.993000145866009e-07,-0.0018848270298528172,16.000007116684976
1701944393795254333,2.2848596894823283e-07,-0.0019066714367590365,16.000007654553578
1701944393796565498,1.6426582408767976e-07,-0.001925312157764289,16.000008133565746
1701944393797967111,9.194691727394603e-08,-0.0019452126799051471,16.000008670095173
1701944393799272962,2.0907907251920408e-08,-0.0019637312497785496,16.000009194926534
1701944393800416418,-4.427048804896999e-08,-0.001979931325223825,16.00000967406983
1701944393801712581,-1.206622276452848e-07,-0.001998275485008249,16.00001023674458
1701944393803040344,-1.996389669847029e-07,-0.0020170485686103307,16.000010831286385
1701944393804346531,-2.75240391581009e-07,-0.0020354978189827083,16.000011431125117
1701944393805496467,-3.376936551989865e-07,-0.0020517204514828324,16.000011970214878
1701944393806814398,-4.019022990974987e-07,-0.002070292679948616,16.00001260124198
1701944393808036212,-4.5269015039386966e-07,-0.0020874892528262583,16.000013200327167
1701944393809300784,-4.952468780225624e-07,-0.0021052642827378175,16.000013836896937
1701944393810371730,-5.230706904548034e-07,-0.0021202980873951385,16.00001439069541
1701944393811565892,-5.458698849027689e-07,-0.0021370505856682636,16.000015025730367
1701944393812823592,-5.625861360469186e-07,-0.002154679403244184,16.000015714853493
1701944393815018690,-5.845974824761484e-07,-0.0021854294818218537,16.000016968158555
1701944393816559773,-6.026407187857347e-07,-0.002207010014287332,16.000017887216735
1701944393818139772,-6.351115477406581e-07,-0.002229132837714899,16.000018865621115
1701944393820114090,-7.122746825939728e-07,-0.002256776637892687,16.000020146531053
1701944393821449853,-7.946874557108925e-07,-0.0022754763477620954,16.00002105409267
1701944393822749962,-9.026115286893924e-07,-0.0022936765753794304,16.000021973141745
1701944393823932656,-1.025074101161404e-06,-0.002310232145585098,16.00002284106321
1701944393825237968,-1.1853279647766734e-06,-0.002328500354646688,16.000023832424098
1701944393826342257,-1.3396426010598676e-06,-0.0023439546237981213,16.000024694872764
1701944393827523641,-1.5219452654659706e-06,-0.002360487414862031,16.00002563461438
1701944393829064119,-1.7841404805524064e-06,-0.002382048733708459,16.000026872593786
1701944393830232935,-1.999562859930954e-06,-0.002398409305003989,16.000027811036524
1701944393831653667,-2.275622066175624e-06,-0.002418292914837682,16.000028933192162
1701944393832812880,-2.508252468148129e-06,-0.002434504152747116,16.000029821327605
1701944393834075883,-2.7648338905402377e-06,-0.002452144783216583,16.000030747077734
1701944393835339812,-3.021925989870135e-06,-0.0024697592875821514,16.000031619763323
1701944393836640635,-3.284143514281579e-06,-0.0024878429952638905,16.00003245806437
1701944393837893142,-3.530094227629989e-06,-0.0025052097391804044,16.000033212181332
1701944393839219602,-3.775900625094626e-06,-0.0025235474566707382,16.000033967696847
1701944393840532793,-3.995750851405631e-06,-0.0025416562302579874,16.000034692322597
1701944393841671364,-4.161760280559107e-06,-0.0025573246150101575,16.000035319543034
1701944393842962917,-4.319358264356014e-06,-0.0025750659853961628,16.000036049188914
1701944393844215129,-4.442577791358734e-06,-0.0025922463062563114,16.000036786746627
1701944393845608261,-4.552140080891253e-06,-0.0026113510830836372,16.000037646504154
1701944393847228478,-4.6567998891311495e-06,-0.0026335830581570604,16.000038690584507
1701944393848769454,-4.749172421528477e-06,-0.002654759168096368,16.000039710979177
1701944393850004867,-4.829357054831617e-06,-0.002671775686760732,16.000040533874987
1701944393851117678,-2.6037271136415967e-12,-0.0017045744040096646,16.000000000016364
1701944393852863718,-4.832577805826253e-08,-0.0017152542686619744,15.999999961326948
1701944393854372790,-1.1532471369820533e-07,-0.0017209909463471568,15.999999905474503
1701944393855814518,-2.089423281063783e-07,-0.001726534462806744,15.999999824301282
1701944393857095853,-3.141422246296309e-07,-0.0017315067303180082,15.999999732361935
1701944393858230083,-4.198377428636605e-07,-0.0017359341247469658,15.999999641383013
1701944393859490471,-5.432787751041519e-07,-0.0017408708301645697,15.99999953829663
1701944393860582023,-6.489639721356303e-07,-0.0017451512985073403,15.999999453211313
1701944393861959652,-7.730334101950135e-07,-0.0017505424109881657,15.999999357495838
1701944393863262634,-8.78107732450403e-07,-0.0017556190498930738,15.999999280452657
1701944393864513017,-9.694806442098218e-07,-0.0017604602698149084,15.999999216634638
1701944393865809600,-1.0605581172327956e-06,-0.0017654434448498,15.999999155216054
1701944393867024120,-1.149747105022187e-06,-0.001770072544639934,15.999999095470544
1701944393868463260,-1.270388557434517e-06,-0.0017755108364058323,15.999999012793946
1701944393869680086,-1.3918584810906594e-06,-0.0017800733952108311,15.99999892759197
1701944393870882757,-1.5359778349745936e-06,-0.001784556446450178,15.99999882691633
1701944393872179275,-1.7248066444378571e-06,-0.0017893708922884454,15.999998700625158
1701944393873374130,-1.9336769394626575e-06,-0.0017938011310828948,15.999998570907882
1701944393875000727,-2.272939650341513e-06,-0.0017998386035613075,15.999998381830338
1701944393876771601,-2.70744765749527e-06,-0.001806439845157154,15.99999816962854
1701944393878253131,-3.112417484990322e-06,-0.0018119956529602478,15.999997994394732
1701944393880017593,-3.6250252294619984e-06,-0.0018186642464602704,15.999997795759416
1701944393881449901,-4.0527780218795855e-06,-0.0018241271932859192,15.999997644412879
1701944393882739927,-4.437336988330027e-06,-0.0018290889918482268,15.999997514180828
1701944393884071105,-4.82641837533571e-06,-0.0018342514488712766,15.999997380643805
1701944393886069802,-5.3884266219740115e-06,-0.0018420809099517327,15.99999716479599
1701944393887435461,-5.75647156086366e-06,-0.0018474796606640829,15.999996996590323
1701944393888697659,-6.0869538491826086e-06,-0.0018524986331269159,15.999996816866393
1701944393889842793,-6.3812132702282365e-06,-0.0018570716587462718,15.999996628538447
1701944393890757149,-6.613998971110304e-06,-0.0018607335625374607,15.999996459505471
1701944393892415301,-7.034866121668774e-06,-0.0018673923016912818,15.99999611298672
1701944393893645769,-7.34785669241376e-06,-0.0018723457339743664,15.999995826001955
1701944393894913770,-7.67390282950411e-06,-0.0018774583570294213,15.999995509022874
1701944393895823144,-7.91254916960328e-06,-0.0018811299801898052,15.999995270987764
1701944393897690355,-8.429177120029174e-06,-0.001888670738354555,15.999994760945288
1701944393899230936,-8.894197720040271e-06,-0.0018948927249860888,15.999994319730098
1701944393901410662,-9.639977219563318e-06,-0.0019036840306073401,15.999993662686963
1701944393902819460,-1.018846005031369e-05,-0.0019093556082756397,15.999993216169132
1701944393904070559,-1.0727493701910292e-05,-0.0019143835050401952,15.999992804763028
1701944393905150810,-1.1235725956475635e-05,-0.0019187169517126139,15.999992439182146
1701944393907076107,-1.2243591982506495e-05,-0.0019264231178928023,15.99999176955098
1701944393908741119,-1.3219897542476397e-05,-0.001933071279607873,15.999991177645006
1701944393910310148,-1.4224934713345366e-05,-0.001939320041574679,15.999990616567631
1701944393911618793,-1.512278805981855e-05,-0.0019445204211307999,15.999990151772238
1701944393913107498,-1.6204663287452458e-05,-0.0019504214512511158,15.999989633964809
1701944393914263639,-1.708614176777395e-05,-0.001954995721516468,15.999989243771337
1701944393915846931,-1.8344592042484613e-05,-0.0019612534620927205,15.999988730968294
1701944393917139094,-1.941065454202334e-05,-0.001966366064470729,15.999988330756631
1701944393918275802,-2.0371952574224658e-05,-0.001970875444530301,15.99998798978723
1701944393920164767,-2.200586579413622e-05,-0.0019784089059494015,15.999987434271967
1701944393921792708,-2.344400753596938e-05,-0.0019849471844238463,15.999986955725188
1701944393923189514,-2.46965667568988e-05,-0.0019905903559182866,15.999986535500438
1701944393924427212,-2.5820182162109853e-05,-0.0019956141765647448,15.999986149014472
1701944393925729517,-2.7015848134051998e-05,-0.0020009156485155145,15.999985723441748
1701944393927124478,-2.831234987965289e-05,-0.0020066063188500824,15.999985243362834
1701944393928425357,-2.953610379975204e-05,-0.0020119184109083916,15.999984772402588
1701944393929760736,-3.08079479336751e-05,-0.0020173734865443532,15.999984265239165
1701944393931196625,-3.2195472492404244e-05,-0.0020232393241423207,15.99998369210412
1701944393932536710,-3.351204823022385e-05,-0.0020287115565691505,15.99998312962351
1701944393933810195,-3.478697508835811e-05,-0.0020339114592415213,15.999982568097275
1701944393935189021,-3.6197492019614625e-05,-0.002039537156609326,15.999981928586566
1701944393936513588,-3.758606426481644e-05,-0.0020449357375539445,15.999981282153223
1701944393937896875,-3.9074419813641714e-05,-0.002050562950158283,15.999980573944708
1701944393939920594,-4.132831651591101e-05,-0.0020587705270375765,15.99997948115567
1701944393941661069,-4.3344969976617985e-05,-0.002065803932441261,15.999978492987672
1701944393943377617,-4.541220778190208e-05,-0.0020727176104080184,15.999977481938267
1701944393944721716,-4.708964065866114e-05,-0.002078114720862019,15.999976669644413
1701944393945893883,-4.859732434100759e-05,-0.002082811516601838,15.999975948984538
1701944393947336332,-5.051057367878807e-05,-0.002088584086607591,15.999975047915846
1701944393948580707,-5.2209200011453764e-05,-0.002093560321276516,15.999974258649912
1701944393949937239,-5.410669360333816e-05,-0.0020989901557235194,15.999973385493762
1701944393951018121,-5.564804215916703e-05,-0.0021033234976636592,15.99997268049108
1701944393952365815,-5.760109913354914e-05,-0.0021087411797477175,15.999971789497945
1701944393953803388,-5.971741835009416e-05,-0.002114537826136706,15.999970824081144
1701944393955366924,-6.205658402792693e-05,-0.0021208649887874713,15.999969754114002
1701944393956767706,-6.418703196478321e-05,-0.0021265526336629666,15.9999687747154
1701944393958213988,2.1742570553229604e-11,-0.0006818781081609129,16.00000000000785
1701944393959549876,-7.866350217605056e-08,-0.0006553424789389064,15.999999947820838
1701944393961010564,-1.861862740104663e-07,-0.000641436208125193,15.999999876395755
1701944393962241540,-3.1772620098332405e-07,-0.0006297260699386734,15.999999789478212
1701944393963561721,-5.051320298462385e-07,-0.0006171818043357418,15.999999668299145
1701944393964791260,-7.262756897561001e-07,-0.0006055078882298869,15.999999530764297
1701944393966042515,-1.0002539439349479e-06,-0.0005936344576573167,15.999999369855729
1701944393967294586,-1.3258594955095424e-06,-0.0005817541943474088,15.99999919256512
1701944393968934343,-1.8328289578842765e-06,-0.000566192804809309,15.999998944425164
1701944393971136565,-2.663235009716293e-06,-0.0005452670913800226,15.999998594771721
1701944393972833986,-3.4244785063849745e-06,-0.0005291125220227795,15.999998317667496
1701944393974106647,-4.0673452771723626e-06,-0.0005169802858914502,15.999998106238076
1701944393975304539,-4.730622444803979e-06,-0.0005055429431502339,15.999997901982981
1701944393976529957,-5.467525872451295e-06,-0.0004938270251232019,15.999997682820602
1701944393977757850,-6.263448333656537e-06,-0.00048207176120953994,15.99999744641124
1701944393979048483,-7.158634386962422e-06,-0.0004696996053289238,15.999997172826845
1701944393980357427,-8.12347426794994e-06,-0.0004571361870098448,15.99999686353699
1701944393981702403,-9.169484283840199e-06,-0.00044421421386879926,15.999996508708954
1701944393983212928,-1.0403758726262456e-05,-0.000429689105746408,15.999996063279355
1701944393984630428,-1.1612996685691676e-05,-0.00041605467876872874,15.999995599826589
1701944393985944526,-1.2773704528099473e-05,-0.0004034134406023226,15.99999513142554
1701944393987256472,-1.3967518119825445e-05,-0.00039079756991299496,15.999994628148475
1701944393988339813,-1.4978975391523296e-05,-0.00038038579619238086,15.99999418731902
1701944393989912699,-1.6489932254093354e-05,-0.000365278693905382,15.99999351082645
1701944393991139169,-1.7704573119518767e-05,-0.0003535041154459094,15.999992956614783
1701944393992320129,-1.89062447939264e-05,-0.0003421684186736637,15.999992404892165
1701944393993568116,-2.0212721450566743e-05,-0.0003301877566703922,15.999991807000486
1701944393994723138,-2.145653795614877e-05,-0.0003191032546694671,15.999991243855336
1701944393996075575,-2.2956958449958144e-05,-0.0003061274431782899,15.999990575904816
1701944393997315423,-2.4373186988038397e-05,-0.00029424344224655136,15.999989957698046
1701944393998512399,-2.5775895588896026e-05,-0.0002827812223432717,15.999989356541686
1701944393999776587,-2.729147204620705e-05,-0.00027069224962383143,15.999988717652887
1701944394001847513,-2.984076606471826e-05,-0.0002509144374633847,15.99998766026343
1701944394003683383,-3.216001302298571e-05,-0.0002334013525787365,15.999986707673079
1701944394004969518,-3.381115171184838e-05,-0.00022113685632902733,15.99998602742183
1701944394005936528,-3.5061951926987406e-05,-0.00021191802560744413,15.999985505582538
1701944394007277010,-3.6801139258649075e-05,-0.00019914294069659638,15.999984761493439
1701944394008598588,-3.8515178663674926e-05,-0.00018655412553994445,15.999984000182552
1701944394010003760,-4.032929688120912e-05,-0.00017318195041672553,15.999983159032203
1701944394011544813,-4.230075566498014e-05,-0.00015854507543059702,15.999982203581002
1701944394012787110,-4.3872685025824845e-05,-0.00014677144595306942,15.99998141572587
1701944394014144348,-4.556988270162481e-05,-0.00013394680147325869,15.999980551434557
1701944394015493313,-4.723713692742046e-05,-0.00012124875216363238,15.999979704762193
1701944394016937161,-4.900531384536916e-05,-0.00010771832530590225,15.999978829411388
1701944394018232537,-5.0583980523924065e-05,-9.563837983803144e-05,15.999978081135309
1701944394019497856,-5.2127662672245925e-05,-8.389575636044245e-05,15.999977386131023
1701944394021074934,-5.406840777263002e-05,-6.934200235741156e-05,15.999976556932106
1701944394022396609,-5.5719092279611205e-05,-5.7218133010427874e-05,15.999975872561302
1701944394023653731,-5.731771952667337e-05,-4.574011221241065e-05,15.999975199858444
1701944394025079532,-5.916802828933071e-05,-3.2771321872749017e-05,15.99997436808419
1701944394026396146,-6.091073955997116e-05,-2.081695345747806e-05,15.999973498075772
1701944394027703725,-6.267019791011689e-05,-8.93028628127388e-06,15.999972504172634
1701944394028841401,-6.422000492316598e-05,1.4499137995824445e-06,15.999971514958391
1701944394030142077,-6.600722732640551e-05,1.3397566213415955e-05,15.999970227037013
1701944394031989465,-6.855925816297633e-05,3.058341479224856e-05,15.999968100579947
1701944394033571046,-7.074053432373617e-05,4.553314038210877e-05,15.999966010434047
1701944394035068213,-7.278432815038864e-05,5.9914989191981035e-05,15.999963821216639
1701944394036863128,-7.517886749380774e-05,7.745568214363801e-05,15.99996096642279
1701944394038175369,-7.687639922163999e-05,9.048201566140244e-05,15.999958746017116
1701944394039520219,-7.856038896377526e-05,0.00010399230517845293,15.999956380572494
1701944394040792881,-8.010462210923085e-05,0.00011690278577378186,15.999954075859412
1701944394042028308,-8.15682112428414e-05,0.0001295261989577765,15.99995178671121
1701944394043331504,-8.308634991702321e-05,0.00014290942511315554,15.999949321790234
1701944394044562828,-8.450224952813036e-05,0.0001555959611758541,15.999946948190038
1701944394045825264,-8.593432386905448e-05,0.00016862776423743158,15.999944473055232
1701944394047197411,-8.746008836476289e-05,0.00018279573561906477,15.999941743748805
1701944394048537526,-8.890796967448617e-05,0.00019661493485660802,15.999939050759224
1701944394049867460,-9.028935069996008e-05,0.00021028931483459075,15.999936366820489
1701944394051057301,-9.146506083622273e-05,0.00022248074154649234,15.999933968049305
1701944394052657299,-9.293050488700736e-05,0.00023880674079805033,15.999930763202672
1701944394053935521,-7.58923477176248e-11,0.00034093845422039913,16.000000000034102
1701944394055492561,2.6646955963239895e-07,0.00037116152650775813,16.00000005130162
1701944394056849747,5.889750417696554e-07,0.00038558976092407287,16.000000108723693
1701944394058193480,1.0427673391830857e-06,0.00039988408304328154,16.00000017456964
1701944394059516570,1.6195940857781376e-06,0.0004139936452044238,16.00000023159336
1701944394061159826,2.5031855142879304e-06,0.0004315927885139719,16.000000264115283
1701944394062956982,3.6594546217026484e-06,0.0004509677712608172,16.000000222117208
1701944394064838490,5.051392155786885e-06,0.00047140851778602845,16.000000066727978
1701944394066102479,6.072602959872519e-06,0.0004852352901656522,15.999999891536085
1701944394067711993,7.441895121081971e-06,0.0005029425631826422,15.999999587376582
1701944394069560616,9.073744282253716e-06,0.0005234095818539776,15.999999140240135
1701944394070956674,1.0327949005619019e-05,0.0005389572127098013,15.999998747453043
1701944394072460222,1.1680833737458968e-05,0.0005557800366264545,15.999998290715803
1701944394073670151,1.2761766949980116e-05,0.0005693753101984147,15.99999790924465
1701944394075035788,1.3961937729564486e-05,0.0005847711984437424,15.999997474737368
1701944394076240990,1.4994976498431556e-05,0.0005983922310232316,15.999997091973253
1701944394077157206,1.5759408257251254e-05,0.0006087595773166546,15.999996801088288
1701944394078622299,1.6940530644645626e-05,0.0006253371551583337,15.99999632834686
1701944394079948568,1.7969475432434324e-05,0.0006403299959548025,15.999995882878517
1701944394081113700,1.8849125166064076e-05,0.0006534786298684497,15.999995468511854
1701944394082369848,1.978304689446108e-05,0.0006676197379822952,15.999994988649592
1701944394083680863,2.0754624188140887e-05,0.0006823372696799174,15.999994444368616
1701944394085021727,2.1758065351810688e-05,0.0006973367672777168,15.999993837910736
1701944394086243571,2.26919280960312e-05,0.000710954423385693,15.999993239874733
1701944394087600084,2.376139718257154e-05,0.0007260084287966694,15.999992524637694
1701944394088803649,2.4745324424864087e-05,0.0007393094190835763,15.99999184408284
1701944394089950105,2.5714283059019513e-05,0.0007519187275283505,15.999991155126764
1701944394091672730,2.722300795659108e-05,0.0007707540907087865,15.999990042203226
1701944394092995041,2.8416048648954437e-05,0.0007851185558576104,15.999989122985948
1701944394094752742,3.0029692561521986e-05,0.0008040955749987036,15.99998781119079
1701944394096466869,3.161432374539418e-05,0.0008224845767259341,15.999986432209745
1701944394097850416,3.2887233885059735e-05,0.0008372641061210444,15.999985246728512
1701944394099185500,3.409766614315725e-05,0.0008514916050011202,15.999984041512418
1701944394100852947,3.556922018525886e-05,0.000869237143153925,15.999982452881216
1701944394102685365,3.712155181537581e-05,0.0008887275818796961,15.999980602789185
1701944394104054866,3.823246474186024e-05,0.0009032905529953097,15.999979151086483
1701944394105665472,3.9484469732668415e-05,0.0009204089718783206,15.99997737125218
1701944394107089382,4.054595409081471e-05,0.0009355279310138497,15.999975733720772
1701944394108340188,4.1448635463610735e-05,0.000948792659733013,15.999974245290247
1701944394109753619,4.244244475204969e-05,0.0009637530694531078,15.999972505430962
1701944394111122525,4.338591786643597e-05,0.0009782184892493774,15.99997075700885
1701944394112362930,4.423002877127108e-05,0.0009913055402752833,15.999969114226635
1701944394113942352,4.529704919968446e-05,0.0010079533134972195,15.99996693199819
1701944394115357348,4.624878799273912e-05,0.0010228485988750169,15.999964884058729
1701944394116653664,4.711902558471486e-05,0.0010364726662518517,15.999962925486876
1701944394118197372,4.815485865241258e-05,0.0010526576160451932,15.999960487275645
1701944394119514999,4.903967753356077e-05,0.0010664253818215709,15.999958317651336
1701944394120709574,4.9844218289880894e-05,0.0010788669153100534,15.999956285235934
1701944394122269739,5.090051800133581e-05,0.0010950451529592729,15.999953552197235
1701944394123687604,5.186777031551761e-05,0.0011096845175789334,15.99995100341886
1701944394125361676,5.301835617402279e-05,0.0011268963815179577,15.999947932583217
1701944394127103350,5.4220552000144805e-05,0.0011447263631383005,15.999944681512323
1701944394128692264,5.531349039015544e-05,0.001160933291468393,15.999941671554637
1701944394130078200,5.6254540725284745e-05,0.001175034439513103,15.999939009851287
1701944394131607522,5.72677979962173e-05,0.0011905581548310694,15.999936026163052
1701944394132875741,5.808234385711732e-05,0.0012034132026331585,15.999933504178415
1701944394134275698,5.895134279076122e-05,0.0012175958278926448,15.999930655091408
1701944394136240537,6.0119861668156455e-05,0.0012375036013497342,15.999926517272941
1701944394137631326,6.0915751051146394e-05,0.0012516093193937427,15.999923479466911
1701944394139301910,6.184758624890122e-05,0.0012685788446809626,15.999919703991482
1701944394140668088,6.259669749407893e-05,0.0012824853727282542,15.999916513331138
1701944394142064212,6.335486305542527e-05,0.001296726895483188,15.999913160527974
1701944394143643876,6.420437373864142e-05,0.0013128808195846287,15.99990925963879
1701944394144941620,6.489219718304458e-05,0.0013261750282665468,15.999905974613139
1701944394146100002,6.549344718625105e-05,0.0013380552132462758,15.99990298274974
1701944394147643125,6.626502692036815e-05,0.0013538878466526102,15.999898911796947
1701944394149033812,6.692330110178208e-05,0.001368161443187929,15.999895158836354
1701944394150218250,6.74510567055445e-05,0.0013803215226089944,15.999891900553774
1701944394151666623,6.80534994347563e-05,0.0013952000950140046,15.999887843061071
1701944394152946670,6.855028747663667e-05,0.0014083632560367206,15.999884195935222
1701944394154276537,6.904014313809453e-05,0.0014220581490183575,15.999880354732221
1701944394156444274,6.980989475984045e-05,0.001444430650258203,15.999874001351678
1701944394158151186,7.321759341936789e-11,1.0595052552311857e-09,16.000000000034042
1701944394159913258,8.822046042704788e-09,-1.1264904230495387e-05,15.999999888532681
1701944394161188927,1.9831141067653338e-08,-1.5366764546992984e-05,15.99999979326773
1701944394162094176,3.389323520735809e-08,-1.826572821073556e-05,15.999999709534647
1701944394163915024,7.89960554179261e-08,-2.4069044538503232e-05,15.999999498047112
1701944394165240658,1.2270522293896302e-07,-2.8273054502134138e-05,15.999999304227822
1701944394166588803,1.6884783295819978e-07,-3.252951702423105e-05,15.999999066655294
1701944394167715349,2.0154201779182562e-07,-3.6073001409208055e-05,15.999998832293775
1701944394169310933,2.2416438366651565e-07,-4.107129857907291e-05,15.999998437617387
1701944394170162799,2.2062536016179366e-07,-4.372952592292483e-05,15.999998195531276
1701944394171994901,1.634923954317934e-07,-4.9421867999151044e-05,15.999997601089882
1701944394173299831,7.812528137218483e-08,-5.3454748961546394e-05,15.999997118933095
1701944394174576071,-4.369463576107665e-08,-5.737945679188528e-05,15.99999660541077
1701944394175822174,-2.003075011593796e-07,-6.119052614594665e-05,15.999996070001075
1701944394177068746,-3.948039792292941e-07,-6.497943927883106e-05,15.999995506923476
1701944394178320780,-6.288536307915233e-07,-6.876180381349091e-05,15.999994918375759
1701944394179409683,-8.643021186939847e-07,-7.20314921869713e-05,15.999994390204547
1701944394180663080,-1.1721445927978395e-06,-7.577416511435904e-05,15.99999376346055
1701944394181895350,-1.5119410110473617e-06,-7.94335347044842e-05,15.999993124931327
1701944394183235679,-1.9197474030831834e-06,-8.339464291850512e-05,15.999992399083075
1701944394184647861,-2.3860444865930653e-06,-8.75482921937932e-05,15.999991591875947
1701944394186651467,-3.097855355465964e-06,-9.341189515220326e-05,15.999990361120547
1701944394188325533,-3.728872905866138e-06,-9.828758124789777e-05,15.999989252131183
1701944394189661439,-4.252720176268399e-06,-0.00010216488282956987,15.99998831432309
1701944394191085645,-4.832654153151402e-06,-0.000106287217790515,15.999987264341915
1701944394192354740,-5.37274072460091e-06,-0.0001099517871306527,15.999986286462367
1701944394193592479,-5.926809289972788e-06,-0.00011351738722982549,15.999985295700323
1701944394194849795,-6.523337068371446e-06,-0.00011712893077911914,15.99998425311214
1701944394196267143,-7.243311606765017e-06,-0.00012118840083890862,15.999983034374209
1701944394197303217,-7.804641682459735e-06,-0.00012414778328251344,15.99998211447449
1701944394198702582,-8.61424160829161e-06,-0.00012813388144552505,15.999980832966056
1701944394200002927,-9.422185129783117e-06,-0.00013182788460646097,15.999979601167277
1701944394201274904,-1.0264592065541712e-05,-0.00013543132866598596,15.999978357843581
1701944394202818437,-1.1352092409638166e-05,-0.0001397881872525394,15.999976798312153
1701944394204068606,-1.2280368423530901e-05,-0.00014330164903591066,15.999975494692585
1701944394205117646,-1.30871280947435e-05,-0.00014623687242680016,15.999974373246184
1701944394206478484,-1.4164270508708298e-05,-0.00015002682919174566,15.99997288071366
1701944394207757622,-1.5202481887555258e-05,-0.00015357297465993003,15.99997143843416
1701944394209293873,-1.6475483547267464e-05,-0.0001578171785176046,15.99996965436876
1701944394210595703,-1.7573165048816017e-05,-0.00016140636876829092,15.999968096689312
1701944394211713078,-1.8527986118655754e-05,-0.00016448500097384147,15.999966724708088
1701944394213201613,-1.9818335491720585e-05,-0.00016858419878364346,15.999964844932876
1701944394214485725,-2.0950502178034576e-05,-0.00017211881350248998,15.999963173414095
1701944394215864907,-2.2189749280779238e-05,-0.00017591166533655482,15.999961324921486
1701944394217609683,-2.379795539165414e-05,-0.00018070286518969217,15.999958906599547
1701944394219555007,-2.565075267946237e-05,-0.00018603758419785807,15.999956106322285
1701944394221184641,-2.72544328847195e-05,-0.00019050572174232657,15.999953678909327
1701944394222332741,-2.8412137035153473e-05,-0.00019365561152906658,15.999951927610786
1701944394223643847,-2.9761265671840604e-05,-0.00019726042908213247,15.999949889705269
1701944394225157465,-3.135264543880932e-05,-0.00020143716435538063,15.999947491201088
1701944394226419937,-3.270656653019258e-05,-0.00020493485829923815,15.999945455954457
1701944394227480057,-3.386238775653517e-05,-0.0002078827924961578,15.999943722768771
1701944394228726221,-3.5243259567467625e-05,-0.00021135763280402288,15.999941656835606
1701944394229958076,-3.663382623464759e-05,-0.0002148017242549297,15.999939580422758
1701944394231372119,-3.826318837514077e-05,-0.00021876209769326993,15.99993715058265
1701944394232827827,-3.9979812910343984e-05,-0.0002228454812033348,15.999934591742004
1701944394233908196,-4.128021414763068e-05,-0.00022587997579509418,15.999932652161197
1701944394235231962,-4.29047763383881e-05,-0.00022960551526598645,15.999930224344006
1701944394236499307,-4.449182909945429e-05,-0.00023318225145952407,15.999927844669037
1701944394237799178,-4.615015579405184e-05,-0.00023686112381987254,15.999925347392251
1701944394239351773,-4.816871435918252e-05,-0.00024126703146524193,15.999922291593977
1701944394240490962,-4.9673703172236066e-05,-0.00024450449237256854,15.999920002326693
1701944394241790682,-5.141238523766678e-05,-0.0002481975482699229,15.999917348155115
1701944394243272785,-5.341926900266019e-05,-0.00025240051338052755,15.999914277082228
1701944394244402440,-5.496547693255388e-05,-0.0002555966506473409,15.999911910253974
1701944394245725804,-5.679556360790839e-05,-0.00025933401462938896,15.999909115619204
1701944394247441122,-5.920009647200779e-05,-0.00026417294768070986,15.999905464707227
1701944394249190600,-6.169513613657829e-05,-0.0002691142771421809,15.999901707422941
1701944394251047102,-6.439395158296586e-05,-0.00027437854585060504,15.999897678374763
1701944394252985462,5.013681296842619e-12,-0.0010228151434682016,15.999999999997767
1701944394254260699,-8.146009540074131e-08,-0.0010575362684718088,15.99999991385916
1701944394255574736,-1.608715692521774e-07,-0.001071769922027466,15.999999826389693
1701944394256779239,-2.550991363217986e-07,-0.0010848413204231318,15.99999971432436
1701944394258056207,-3.7465593770753326e-07,-0.0010987257136820386,15.999999558744683
1701944394259311031,-5.091798667391538e-07,-0.0011123962709792912,15.99999936753492
1701944394260595317,-6.622144246291732e-07,-0.001126416047653696,15.999999133352413
1701944394261882958,-8.300981250987447e-07,-0.0011404972010502841,15.99999886283275
1701944394263187230,-1.0142930692908352e-06,-0.0011547794580923905,15.999998557361558
1701944394264671276,-1.2401260540254771e-06,-0.0011710524390679373,15.999998177040895
1701944394265946827,-1.4465141560331481e-06,-0.0011850493452752982,15.99999782500063
1701944394267101811,-1.641650583274091e-06,-0.0011977274286011843,15.999997486281242
1701944394268430019,-1.8739793641023841e-06,-0.0012123106771892726,15.999997070962943
1701944394269399788,-2.047952407776489e-06,-0.001222960070567863,15.99999674818067
1701944394270973450,-2.335558203779119e-06,-0.0012402376250998963,15.999996183275904
1701944394272286469,-2.579651696036296e-06,-0.0012546525705066237,15.999995668721786
1701944394273427713,-2.7951569304074455e-06,-0.001267179976909499,15.999995186558069
1701944394274649144,-3.031158453168352e-06,-0.0012805807331190192,15.999994633684473
1701944394275736934,-3.248463088382696e-06,-0.0012925091476008346,15.999994110730253
1701944394276953637,-3.5024839123478133e-06,-0.0013058391304707577,15.999993496195705
1701944394278379918,-3.817598593867622e-06,-0.0013214521192060325,15.999992743026636
1701944394280111682,-4.226121238664451e-06,-0.001340397446877325,15.999991790886556
1701944394281851584,-4.66361827419923e-06,-0.0013594239636003475,15.999990801252569
1701944394283354868,-5.062067410505091e-06,-0.001375870589400489,15.999989923558626
1701944394284743103,-5.446579563157099e-06,-0.0013910742394506305,15.999989095107749
1701944394286360670,-5.916129758706804e-06,-0.001408813570128549,15.999988105275031
1701944394288033366,-6.428831427573337e-06,-0.00142718137032359,15.999987048432665
1701944394289577026,-6.929485285909523e-06,-0.001444154625980416,15.999986036906977
1701944394290937124,-7.3942594685148576e-06,-0.0014591181615914983,15.999985112991231
1701944394292235851,-7.859648422257366e-06,-0.001473405793283163,15.99998420029737
1701944394293429323,-8.306237238258501e-06,-0.0014865320627244158,15.999983335305352
1701944394294731636,-8.813839397206297e-06,-0.0015008444647485765,15.999982364988574
1701944394296146039,-9.388147355647685e-06,-0.0015163771340366862,15.999981283367822
1701944394297447190,-9.935907447993456e-06,-0.0015306500493150234,15.999980266765817
1701944394298873355,-1.0556004607131366e-05,-0.0015462800941482306,15.99997913239028
1701944394300564991,-1.1317240058465184e-05,-0.0015647918238453347,15.999977764209758
1701944394302174281,-1.2069353058875945e-05,-0.0015823684234533948,15.999976443193134
1701944394303678935,-1.2802090160919995e-05,-0.0015987610608189304,15.999975194235368
1701944394304941581,-1.344463694264914e-05,-0.00161248057184488,15.999974138006792
1701944394306121773,-1.4073707732299788e-05,-0.001625271585178709,15.999973145321837
1701944394307716739,-1.4975747273788336e-05,-0.0016425146720561111,15.99997179507355
1701944394309113523,-1.5818286481296293e-05,-0.0016575805187797781,15.999970602482376
1701944394310666285,-1.6813688028061204e-05,-0.0016743088737995343,15.999969260954169
1701944394312041966,-1.7745239360882162e-05,-0.0016891190993033912,15.99996805535312
1701944394313333467,-1.865960920488002e-05,-0.0017030207031261447,15.999966906451027
1701944394314683350,-1.965414307869301e-05,-0.0017175503205599386,15.999965686186977
1701944394315962153,-2.0631248326072277e-05,-0.0017313103918684945,15.99996451101513
1701944394316917701,-2.1382817894181113e-05,-0.001741590314043468,15.999963620023966
1701944394318648962,-2.2786311391728854e-05,-0.0017602023365285166,15.999961977025109
1701944394320237641,-2.4115215699754833e-05,-0.0017772607572696124,15.9999604363852
1701944394321543052,-2.5229916850792524e-05,-0.0017912642974084391,15.999959145966596
1701944394322810425,-2.6324752847539965e-05,-0.0018048507197019712,15.999957871140808
1701944394323873933,-2.724825609414551e-05,-0.0018162444780241923,15.999956784239929
1701944394325650916,-2.879181802345304e-05,-0.0018352614232927426,15.99995493275085
1701944394326697376,-2.969920860280477e-05,-0.001846446289276341,15.999953821434582
1701944394328342932,-3.1122638116789163e-05,-0.0018640037264579352,15.999952042089053
1701944394329549044,-3.216429612146928e-05,-0.0018768439041484302,15.999950712998238
1701944394330992187,-3.341158742519654e-05,-0.0018921718780955609,15.999949094357248
1701944394332231174,-3.4485590298769635e-05,-0.0019053038574549518,15.999947679208196
1701944394333552217,-3.5636016008247424e-05,-0.0019192801451687125,15.999946144413734
1701944394334953434,-3.6864651231702e-05,-0.0019340926534612034,15.999944487345468
1701944394336059274,-3.784036045556662e-05,-0.0019457737688289515,15.999943160863989
1701944394337513864,-3.913129944241186e-05,-0.0019611366836801134,15.999941395280798
1701944394339155191,-4.05949536753403e-05,-0.001978470538607306,15.999939381703674
1701944394340534475,-4.182735025216555e-05,-0.0019930364804661878,15.99993767736859
1701944394342323636,-4.342418103725491e-05,-0.002011925990657155,15.999935457092626
1701944394344008059,-4.492340437901183e-05,-0.002029700566059082,15.999933360850681
1701944394345520754,-4.626615551594716e-05,-0.002045651426609621,15.999931474994366
1701944394346779777,-4.738187655056713e-05,-0.002058917236806096,15.999929902981131
1701944394348117378,-4.856644299942608e-05,-0.002073000469673486,15.999928229619627
1701944394349294841,-4.960932831258508e-05,-0.0020853941531565074,15.999926752265619
1701944394350675015,-5.083122196728068e-05,-0.0020999192161038423,15.99992501387612
1701944394352038434,-5.203554294101178e-05,-0.0021142680767846323,15.999923288108361
1701944394353571121,-1.1660059623017603e-11,-0.001022816496232444,15.999999999980696
1701944394355338686,2.4397943719616788e-08,-0.001022829351242871,15.999999971424817
1701944394356612023,4.865410748919636e-08,-0.0010228403501819732,15.999999945579173
1701944394357679842,7.799432649757395e-08,-0.0010228508773039867,15.999999918787324
1701944394359274271,1.3775183079824877e-07,-0.0010228668465394985,15.999999874328168
1701944394360398489,1.8939485238684455e-07,-0.0010228785377029564,15.999999842325579
1701944394361853534,2.6041615171142415e-07,-0.0010228976317453297,15.999999803484835
1701944394363242437,3.236559938888101e-07,-0.0010229247586253031,15.999999770006896
1701944394364966738,3.810247796710671e-07,-0.001022977787088975,15.99999973195454
1701944394366306355,4.011591273599144e-07,-0.0010230365965260642,15.999999703375995
1701944394367779549,3.914614736421224e-07,-0.0010231192986579752,15.999999670886545
1701944394369078400,3.527465843772063e-07,-0.0010232058297537524,15.999999640339588
1701944394370342363,2.8817688540975595e-07,-0.0010232991162574525,15.999999608756447
1701944394372199904,1.4997782919826504e-07,-0.0010234466458654428,15.999999560430696
1701944394374207473,-4.8989956726158265e-08,-0.0010236155559723004,15.999999508534884
1701944394375755887,-2.314478948969896e-07,-0.0010237509372542195,15.999999470866037
1701944394377310902,-4.3476027614864026e-07,-0.0010238908253986357,15.99999943665148
1701944394378606935,-6.170408907237444e-07,-0.001024010202510945,15.999999411419447
1701944394379934058,-8.144244832204696e-07,-0.0010241346563726105,15.99999938888716
1701944394380951414,-9.72912916862556e-07,-0.001024231062249658,15.999999373910846
1701944394382499593,-1.2270695750395083e-06,-0.0010243777259853763,15.9999993546199
1701944394383807369,-1.4556283602380307e-06,-0.0010245003237660275,15.999999341057462
1701944394385127605,-1.7021318976858447e-06,-0.0010246222220817549,15.999999329092327
1701944394386372154,-1.951835569318002e-06,-0.001024736140699371,15.999999318806779
1701944394387669102,-2.2324813396200865e-06,-0.0010248560225340538,15.999999308819577
1701944394388935638,-2.5281857513249285e-06,-0.0010249770793810781,15.999999299901816
1701944394390159771,-2.8349627381983252e-06,-0.0010251005609192116,15.999999292469038
1701944394391598558,-3.221061725974453e-06,-0.001025256410792869,15.999999285996346
1701944394392724129,-3.5411803165420996e-06,-0.00102538722015953,15.99999928321133
1701944394394153159,-3.968032056854761e-06,-0.001025564175525741,15.999999283617647
1701944394395776246,-4.478997807562086e-06,-0.001025778164275738,15.999999290982188
1701944394396898063,-4.8487327623601956e-06,-0.001025932970248516,15.999999301342996
1701944394398456999,-5.388509620501713e-06,-0.0010261562477220053,15.999999324481921
1701944394399696279,-5.842131745085689e-06,-0.0010263408561293076,15.999999350547753
1701944394400925271,-6.316226474382456e-06,-0.0010265317470372895,15.999999382562416
1701944394402298212,-6.875522994529248e-06,-0.001026756994394534,15.999999423465738
1701944394404345553,-7.76277651458473e-06,-0.0010271215969759719,15.999999487962889
1701944394406022673,-8.530910011968403e-06,-0.001027448700356492,15.999999539417392
1701944394407457261,-9.211351046238506e-06,-0.0010277498240268317,15.999999579866214
1701944394408762080,-9.844942661836606e-06,-0.0010280401816973915,15.99999961316456
1701944394410042391,-1.0477983652848708e-05,-0.0010283384549406168,15.999999642974265
1701944394411343767,-1.1131603779876038e-05,-0.0010286524679864017,15.999999671147885
1701944394412756926,-1.1852261499038917e-05,-0.0010290033115723234,15.999999700333719
1701944394414270624,-1.2637673593844947e-05,-0.0010293900649130776,15.999999731144268
1701944394415879036,-1.3490001202364046e-05,-0.0010298147687395891,15.999999764701972
1701944394416890876,-1.4037472584535764e-05,-0.0010300898239168292,15.99999978699069
1701944394418379867,-1.4863461009067695e-05,-0.001030504888196785,15.999999823544709
1701944394419834713,-1.569820038428873e-05,-0.0010309196358337588,15.999999865833505
1701944394421401847,-1.6633064394846123e-05,-0.0010313716725025145,15.999999921353533
1701944394422716150,-1.7448548232292672e-05,-0.0010317514129167522,15.999999977275762
1701944394424155568,-1.837550890089304e-05,-0.0010321647128207648,16.000000048850662
1701944394425611013,-1.9347503907718672e-05,-0.0010325785407728767,16.00000013164207
1701944394426982648,-2.0292233854115022e-05,-0.001032964717525733,16.000000218040135
1701944394428241313,-2.1180400860276387e-05,-0.0010333166968902168,16.000000303108205
1701944394429438585,-2.204117410998383e-05,-0.0010336507580783897,16.00000038761295
1701944394430824055,-2.305298533972528e-05,-0.001034038418672505,16.00000048721207
1701944394432378304,-2.4205113828289703e-05,-0.001034476778655042,16.000000597777944
1701944394434066878,-2.5475098683833277e-05,-0.001034957630129222,16.00000071258736
1701944394435817444,-2.6811501347482444e-05,-0.001035458750906826,16.00000082282228
1701944394437536552,-2.814360947185599e-05,-0.0010359483467462839,16.000000921213612
1701944394439046330,-2.9330683505144616e-05,-0.0010363718796503262,16.000000999812038
1701944394440403906,-3.041203131731434e-05,-0.0010367447289405685,16.000001064781816
1701944394441591025,-3.136841588184101e-05,-0.0010370639650343022,16.000001117576094
1701944394442867612,-3.2407369695791893e-05,-0.0010374012012338326,16.000001170437624
1701944394444135668,-3.3449532970956855e-05,-0.0010377318369044991,16.00000121887186
1701944394445390676,-3.449061117046919e-05,-0.0010380561117173278,16.000001262371406
1701944394446702747,-3.5590307763962674e-05,-0.0010383919514568671,16.00000130271421
1701944394447902199,-3.660737330900155e-05,-0.0010386947880049993,16.00000133525166
1701944394449189584,-3.771316901988249e-05,-0.0010390129902711895,16.000001366670006
1701944394450433123,-3.879585617087836e-05,-0.0010393117098073102,16.000001394828253
1701944394451545040,-3.977637045475333e-05,-0.0010395713553158121,16.00000141891051
1701944394453037141,-4.110854502451295e-05,-0.0010399110551074415,16.000001449694533
1701944394454446993,-4.238280992732399e-05,-0.001040227302114781,16.000001476525117
1701944394455663539,-4.349231420090908e-05,-0.001040500637582162,16.000001497280238
1701944394456894908,2.9119676234114905e-12,-7.336836828179816e-10,16.000000000000956
1701944394458296244,-1.8093859445338654e-08,2.6050375633315932e-05,15.999999994369004
1701944394459896751,-4.6493925550120396e-08,4.1875963248141225e-05,15.999999985683532
1701944394461135699,-7.753038870411662e-08,5.412217609862713e-05,15.999999976446379
1701944394462406718,-1.1857777631475918e-07,6.668963077381295e-05,15.999999964421516
1701944394463560865,-1.6535852354311378e-07,7.811054457018915e-05,15.999999950550109
1701944394465382825,-2.611942155255735e-07,9.616763906811339e-05,15.999999920355728
1701944394467049436,-3.7423543712441385e-07,0.0001127191939749403,15.999999881684236
1701944394468612766,-5.022557377374581e-07,0.00012827649965145568,15.999999834506214
1701944394470025968,-6.347124565694598e-07,0.00014236492050199068,15.999999783107448
1701944394471378474,-7.744912460340725e-07,0.00015586496345114314,15.999999727811652
1701944394472457938,-8.944329816309139e-07,0.00016664825645748747,15.999999681099967
1701944394473985094,-1.0767091950443348e-06,0.00018192080501263787,15.999999614299266
1701944394475086975,-1.2173028616923176e-06,0.00019294722746906676,15.999999566778039
1701944394476363338,-1.3894252353002638e-06,0.00020573312570353449,15.999999512740011
1701944394477703297,-1.5806258129769163e-06,0.00021916685818482208,15.999999455995718
1701944394479097408,-1.7918411790944596e-06,0.00023315654222312007,15.999999394406457
1701944394480465325,-2.013027375213602e-06,0.00024689690437846017,15.999999328360275
1701944394481852033,-2.2528445456067835e-06,0.00026083289320294613,15.999999252555432
1701944394483463820,-2.5514016469535597e-06,0.00027703873705561827,15.999999149801699
1701944394484541721,-2.7618557182826044e-06,0.00028788074313197746,15.999999071174578
1701944394485785062,-3.0129246421763106e-06,0.0003003905945357604,15.99999897016367
1701944394487112003,-3.2882517887595035e-06,0.00031374703931340265,15.999998850602072
1701944394488382506,-3.5573228298232355e-06,0.0003265392753825872,15.999998725427856
1701944394489583463,-3.81601569278222e-06,0.0003386336745942768,15.999998597652558
1701944394490889241,-4.1027233329360985e-06,0.0003517859991960296,15.999998447375347
1701944394492449499,-4.454838704585287e-06,0.00036750049684527525,15.99999824983792
1701944394494029815,-4.824938429117779e-06,0.0003834168832793307,15.999998027183803
1701944394495907635,-5.286267075396944e-06,0.0004023346363834837,15.999997731335545
1701944394497471369,-5.690604593490538e-06,0.000418097290454316,15.999997460020758
1701944394499210280,-6.163844648372554e-06,0.00043564074716932445,15.99999713551876
1701944394500825350,-6.626988859765197e-06,0.00045195044238254456,15.999996816804277
1701944394502887493,-7.253496197403866e-06,0.00047280089382228843,15.999996390665267
1701944394504535405,-7.783602489853077e-06,0.0004894856627835731,15.99999603577238
1701944394505546808,-8.122052094766607e-06,0.0004997348217605751,15.999995811289295
1701944394507391337,-8.763925913560285e-06,0.0005184451280288596,15.99999538638491
1701944394508582863,-9.194180575091105e-06,0.000530539503003083,15.999995100439058
1701944394509827881,-9.654621944970683e-06,0.000543184767358715,15.999994791180267
1701944394511180498,-1.0164000399166038e-05,0.0005569273298478362,15.999994442829296
1701944394512482905,-1.0659766435046308e-05,0.0005701648814526504,15.999994095411342
1701944394513813366,-1.1167224996403258e-05,0.0005836885124067785,15.999993728932118
1701944394515127012,-1.1666018250317012e-05,0.0005970434178457347,15.999993355544873
1701944394516498946,-1.2182927200851165e-05,0.0006109904016959808,15.999992952241053
1701944394517824768,-1.2679179235457578e-05,0.0006244600315916464,15.999992547778527
1701944394519294570,-1.3228978753061118e-05,0.0006393863505167164,15.999992079913051
1701944394520497741,-1.3681614851607047e-05,0.0006515970784774781,15.999991680694652
1701944394521704118,-1.4140639615134071e-05,0.0006638307686595978,15.999991265668088
1701944394523026217,-1.4652207923686907e-05,0.0006772284448977077,15.999990794392698
1701944394524237669,-1.513006544420352e-05,0.0006894993570398253,15.999990347771012
1701944394525437753,-1.5612374247783008e-05,0.0007016539947655587,15.999989891012147
1701944394526826171,-1.618078470339665e-05,0.0007157121622977338,15.99998934362766
1701944394528943747,-1.7068335351140435e-05,0.000737151054960663,15.999988466051164
1701944394530685497,-1.781694761026142e-05,0.000754775477271541,15.999987703954565
1701944394532160457,-1.846466583580928e-05,0.0007696929888145532,15.999987029319742
1701944394533272478,-1.8961228822692514e-05,0.0007809311901666445,15.999986503019079
1701944394534317614,-1.9433884046082973e-05,0.0007914893188411055,15.999985994503222
1701944394536245425,-2.031810373426322e-05,0.0008109515539014992,15.99998502171876
1701944394537925244,-2.1100921564017346e-05,0.0008279075368650818,15.999984136633469
1701944394539125803,-2.1667535138185237e-05,0.0008400262516784104,15.999983482058791
1701944394540117970,-2.2140758910062256e-05,0.0008500402904685527,15.999982926443607
1701944394541723518,-2.2917246968595366e-05,0.0008662486118952987,15.999981996105541
1701944394543032947,-2.3559523120701494e-05,0.0008794683731020961,15.999981207095061
1701944394544242255,-2.415746691033494e-05,0.0008916763992295185,15.999980453041244
1701944394545481164,-2.4771481727715773e-05,0.000904183246289724,15.999979654646836
1701944394546396118,-2.522413738236836e-05,0.0009134154422749511,15.999979048613678
1701944394548272563,-2.6150746127029574e-05,0.0009323492153403434,15.999977763711746
1701944394549636659,-2.6825175044192985e-05,0.0009461074948755168,15.99997679639161
1701944394550878551,-2.744363481858812e-05,0.0009586317648563426,15.999975893133414
1701944394552204662,-2.81118014960127e-05,0.0009720011039245792,15.999974906403132
1701944394553296359,-2.8668881694063375e-05,0.000983003802473619,15.999974077194071
1701944394554955186,-2.952639872568092e-05,0.0009997145040820988,15.99997278759885
1701944394556187448,-3.0169906262448368e-05,0.0010121195759521708,15.999971805890741
1701944394557440198,-6.6401457865983195e-12,0.0017046327322760555,16.000000000015373
1701944394559447808,-3.922607532418799e-09,0.0017598954633947133,15.999999921944038
1701944394560639050,-6.383861237641545e-09,0.0017800836774521285,15.99999985413054
1701944394562275031,-8.531072528789625e-09,0.0018078019436471296,15.999999726271605
1701944394563550600,-1.0386779128015856e-08,0.001829420942605505,15.999999599503575
1701944394564971797,-1.6470625389590252e-08,0.0018535026049322236,15.999999432198141
1701944394566299265,-3.017875347311466e-08,0.0018760023174253537,15.999999252446832
1701944394567459763,-5.196816849515369e-08,0.0018956741299087085,15.999999077556115
1701944394569496316,-1.204153016736701e-07,0.0019301916958415425,15.999998732008496
1701944394570778127,-1.8574609378765538e-07,0.001951914402227639,15.999998489706776
1701944394572320361,-2.8896211765097035e-07,0.0019780523249147797,15.999998173398037
1701944394573587273,-3.9325260236615754e-07,0.0019995186644208257,15.999997893798279
1701944394574790919,-5.070271421430167e-07,0.0020199174333777837,15.999997611729315
1701944394576134910,-6.487532793825737e-07,0.0020426895572188426,15.999997277781496
1701944394577269758,-7.792088287771317e-07,0.0020619158406597372,15.9999969796498
1701944394578248785,-8.989420673402686e-07,0.0020784976759805136,15.999996709938253
1701944394579657454,-1.0821117289381629e-06,0.002102355893083261,15.999996299865508
1701944394581148120,-1.289441167112464e-06,0.00212759359187456,15.999995836308722
1701944394582584334,-1.5025409973993226e-06,0.002151907863510944,15.999995359739067
1701944394583770197,-1.6890420202037237e-06,0.002171984334013552,15.999994943735476
1701944394585081667,-1.90766813788789e-06,0.002194187637348846,15.999994459669566
1701944394586156482,-2.097479714271814e-06,0.0022123912445810587,15.999994043500495
1701944394587474410,-2.3443726274871747e-06,0.002234721352618576,15.999993508020403
1701944394588978620,-2.6459414176617345e-06,0.0022602164733814497,15.999992861860953
1701944394591047068,-3.0948323608218397e-06,0.0022952919606169125,15.999991912907761
1701944394592670637,-3.4734575272777214e-06,0.00232283378332187,15.99999112189914
1701944394594256622,-3.8633069082977245e-06,0.002349743971796318,15.99999031522536
1701944394595718053,-4.238004382323835e-06,0.0023745490068045696,15.999989547503345
1701944394596982806,-4.572395841769865e-06,0.0023960173136175936,15.99998886887226
1701944394598369988,-4.947746212707817e-06,0.002419576337254927,15.999988114064315
1701944394599533412,-5.267777879721503e-06,0.0024393336378304275,15.999987476073297
1701944394601127101,-5.713237861601062e-06,0.002466406047250528,15.999986598496754
1701944394602567025,-6.124153148806452e-06,0.002490859901241253,15.999985803845304
1701944394603761751,-6.474072922856698e-06,0.002511146031824279,15.999985142996577
1701944394605208061,-6.9138591968727055e-06,0.0025356972440500254,15.999984339739555
1701944394606575610,-7.350540621840886e-06,0.0025588962378455837,15.999983576113019
1701944394607806686,-7.764358496587812e-06,0.0025797652458560776,15.999982885335887
1701944394608996405,-8.184980163826417e-06,0.002599922492494895,15.999982215859989
1701944394610796075,-8.860719640925132e-06,0.0026303886036567925,15.999981203908389
1701944394611922804,-9.307273029215687e-06,0.0026494499828396945,15.99998057241575
1701944394613168119,-9.819758104781764e-06,0.002670505912067986,15.999979877527625
1701944394614261835,-1.0284618839510186e-05,0.002688996770280254,15.999979269240196
1701944394615944838,-1.1023692978229649e-05,0.0027174463217508335,15.999978332939765
1701944394617195190,-1.1591041995855183e-05,0.0027385855313052506,15.999977633341517
1701944394618338247,-1.2124303794213792e-05,0.0027579212700663647,15.999976986831687
1701944394620277591,-1.306363565782826e-05,0.0027907391304902995,15.999975869102638
1701944394621875840,-1.3871303196768737e-05,0.0028178007409169073,15.999974927302144
1701944394623838638,-1.4902705513256888e-05,0.0028510605316886036,15.999973748369035
1701944394625584614,-1.5852666341344413e-05,0.0028806635241582744,15.999972683889382
1701944394626812649,-1.653644748502529e-05,0.0029014972508409715,15.999971928774071
1701944394628013761,-1.7215340928101888e-05,0.002921882481473448,15.999971186669963
1701944394629398584,-1.800860432317873e-05,0.002945392491159962,15.999970327343778
1701944394630590692,-1.869983607827325e-05,0.0029656376274136143,15.99996958381605
1701944394631958008,-1.9501346893011415e-05,0.0029888618403827094,15.999968724781757
1701944394633233319,-2.0256441343356877e-05,0.0030105228445774413,15.9999679150978
1701944394634596123,-2.1070498510102854e-05,0.0030336674773628254,15.999967037830572
1701944394635910182,-2.1862184141682827e-05,0.003055982948576733,15.999966178236956
1701944394637359229,-2.2743093231918224e-05,0.0030805834504028236,15.99996521486433
1701944394638667738,-2.354679064782853e-05,0.003102803254187956,15.999964332599633
1701944394639835423,-2.4270511829607434e-05,0.003122627365003982,15.999963539049547
1701944394641193779,-2.5119775849502043e-05,0.0031456949670500716,15.99996261308758
1701944394642356488,-2.5851375198127996e-05,0.003165434832036499,15.999961821523433
1701944394643693744,-2.6696870556055584e-05,0.0031881416688830802,15.999960913601699
1701944394644935116,-2.7485337623777333e-05,0.0032092218131896523,15.999960072447733
1701944394646145310,-2.8259014634948728e-05,0.0032297753821779484,15.999959251792397
1701944394647223432,-2.8955298739860686e-05,0.003248092321650995,15.999958518165538
1701944394648703364,-2.992777581362066e-05,0.0032732502283030623,15.999957504826597
1701944394650154570,-3.090492335340009e-05,0.0032979419359697552,15.999956502936852
1701944394652179718,-3.2313339928859685e-05,0.0033324295538652363,15.999955091207859
1701944394653883745,-3.354137038092921e-05,0.003361472142392978,15.999953891373215
1701944394655513621,1.7162009660620647e-12,0.0013637557563223415,15.999999999981785
1701944394656940972,-6.610654123221375e-08,0.0013531493951248923,15.999999982319586
1701944394658138707,-1.278775262780031e-07,0.0013490031292458988,15.99999996555799
1701944394659401046,-2.1383343754692674e-07,0.001344637802088392,15.99999994129591
1701944394660850407,-3.366279309825162e-07,0.001339629748272913,15.999999904707067
1701944394662070355,-4.57951275681029e-07,0.001335421795833916,15.999999866739374
1701944394663430551,-6.110326868904689e-07,0.0013307382193617574,15.999999816893716
1701944394664783007,-7.817227429697883e-07,0.0013260915701785092,15.99999975966792
1701944394666109408,-9.680999674480733e-07,0.001321545286823196,15.999999696449107
1701944394667546346,-1.1932089276836328e-06,0.0013166290844964803,15.999999620869522
1701944394668948823,-1.4374406392278922e-06,0.0013118357754407647,15.999999541249084
1701944394670320307,-1.6993024480672154e-06,0.0013071497414037427,15.99999945893054
1701944394671737095,-1.991901949761456e-06,0.0013023043583542991,15.999999369308497
1701944394673024230,-2.2750359492567985e-06,0.0012978981568746815,15.999999282516978
1701944394674312277,-2.573361413424553e-06,0.0012934834845751476,15.99999918796516
1701944394675595693,-2.8847454116721306e-06,0.0012890833177569376,15.999999083494194
1701944394676887290,-3.212514097294837e-06,0.0012846570515372946,15.999998966207114
1701944394678182742,-3.55636777022017e-06,0.001280221916977581,15.999998835634623
1701944394679478520,-3.915661661463013e-06,0.0012757938399417712,15.999998692160778
1701944394681020040,-4.363406607187039e-06,0.001270534250662394,15.999998504963004
1701944394682801132,-4.908323247729405e-06,0.0012644674078494816,15.999998267286456
1701944394684596261,-5.488340534516498e-06,0.0012583602207716239,15.999998007031039
1701944394686574520,-6.165648058181741e-06,0.0012516326846482065,15.999997702363363
1701944394688113617,-6.722131155111039e-06,0.001246397704269945,15.99999745858669
1701944394689634553,-7.298971428877818e-06,0.0012412244449145776,15.99999721941508
1701944394690816065,-7.76633612405967e-06,0.0012372048239433343,15.99999703886943
1701944394692263948,-8.362129098299991e-06,0.0012322795409453937,15.99999682744932
1701944394693558570,-8.916199128893929e-06,0.001227874063348349,15.9999966479927
1701944394694898217,-9.509649589002829e-06,0.0012233133067699085,15.999996470546535
1701944394696302578,-1.015219224348727e-05,0.0012185283434724456,15.999996291348474
1701944394697942416,-1.0926697926863529e-05,0.0012129355297648438,15.999996088456824
1701944394699117846,-1.1497018388686465e-05,0.0012089216410162674,15.999995946232401
1701944394700903501,-1.2386024194090517e-05,0.0012028134145069596,15.99999573363709
1701944394702609944,-1.3259859990892631e-05,0.0011969599493104354,15.999995532250177
1701944394703964634,-1.3969010496269682e-05,0.001192300586487727,15.999995371051911
1701944394705203726,-1.4628514788609238e-05,0.001188027488977489,15.999995219420839
1701944394706538909,-1.5349986743578917e-05,0.0011834104828277884,15.999995048031472
1701944394707732070,-1.60041298486167e-05,0.0011792748042050716,15.999994886205636
1701944394708980549,-1.6699208304029415e-05,0.001174938509090774,15.99999470870145
1701944394710142160,-1.7357296286806064e-05,0.001170899017991638,15.999994539034605
1701944394711518136,-1.8154766255169283e-05,0.0011661090559359007,15.999994339038725
1701944394713407486,-1.9288421504510778e-05,0.00115952233080336,15.999994079584443
1701944394715127747,-2.0364555063607473e-05,0.0011535150956871578,15.999993869183763
1701944394716751943,-2.1423266758514988e-05,0.001147831124266523,15.999993699610847
1701944394718036760,-2.2291192033535877e-05,0.0011433269123539572,15.999993585994
1701944394720223741,-2.3829860653027014e-05,0.0011356385080834382,15.99999342496399
1701944394721483575,-2.4749087221421864e-05,0.0011311983309172714,15.999993345282155
1701944394722731616,-2.567994257684466e-05,0.0011267919971774693,15.999993268962992
1701944394723781428,-2.64754515351056e-05,0.0011230814950074681,15.999993202826658
1701944394725156250,-2.752965575357762e-05,0.0011182184138343162,15.999993109046759
1701944394726658275,-2.869186273663228e-05,0.0011129061484174707,15.999992995483796
1701944394727868094,-2.9633125243123915e-05,0.001108630953490021,15.99999289672794
1701944394729192197,-3.0667578774337514e-05,0.001103957539804831,15.99999278529499
1701944394730267160,-3.1511032998937435e-05,0.0011001701214848178,15.99999269576993
1701944394731851054,-3.276388594951458e-05,0.0010945977560414858,15.999992571215223
1701944394733204931,-3.384713345387979e-05,0.0010898434632327827,15.999992473930874
1701944394734256440,-3.469920523370653e-05,0.0010861538782430177,15.99999240446372
1701944394735745062,-3.5924667497703266e-05,0.0010809364044626927,15.999992314002462
1701944394736990321,-3.6968551284973776e-05,0.0010765758975363594,15.999992243796957
1701944394737977400,-3.780774315112535e-05,0.0010731228236216263,15.999992190223892
1701944394739623936,-3.9226400333147634e-05,0.0010673756579124168,15.999992102085654
1701944394740876548,-4.031950360450817e-05,0.0010630150707607142,15.999992035607342
1701944394742495852,-4.17487227717253e-05,0.0010573907898367033,15.999991952271284
1701944394744447763,-4.349439159026036e-05,0.001050628264545164,15.999991861009379
1701944394746162472,-4.50478721776523e-05,0.0010446981621533083,15.999991793877898
1701944394747602997,-4.636609310520812e-05,0.0010397204572516429,15.99999174942561
1701944394748885080,-4.7547872460052734e-05,0.0010352914150871782,15.999991719370602
1701944394750155658,-4.8725134427997e-05,0.0010309043634505583,15.999991697254352
1701944394751911950,-5.0361022937365746e-05,0.0010248461381758241,15.999991675764663
1701944394753087258,-5.146126647145169e-05,0.001020797519851824,15.999991665595704
1701944394754523451,-5.281173285001188e-05,0.0010158610310249143,15.999991655993556
1701944394755766879,-5.398671739477534e-05,0.001011599171413824,15.999991649481238
1701944394756850756,-9.874243614329658e-12,0.0030683860264673346,15.999999999988576
1701944394758255090,-1.3948327908346301e-08,0.003110265354086066,16.000000001600643
1701944394759633617,-3.4474661918951706e-08,0.0031334909155803638,16.00000000348539
1701944394760802009,-6.036452606188314e-08,0.003153189958378512,16.00000000501
1701944394761962410,-9.475158500082486e-08,0.0031727623221234525,16.000000006232636
1701944394763183118,-1.414124386535749e-07,0.0031933605305255286,16.000000007683315
1701944394764522322,-2.0711884083408125e-07,0.003215964537339299,16.000000010976578
1701944394765836829,-2.893417569431608e-07,0.003238152771832085,16.00000001791097
1701944394767277533,-4.0351394155081117e-07,0.003262473620442123,16.000000031878212
1701944394768441625,-5.16239213351377e-07,0.0032821241438865173,16.000000048903896
1701944394770071680,-7.066021284806549e-07,0.0033096355734192084,16.00000008137401
1701944394771331641,-8.796137351238816e-07,0.0033308973643877207,16.000000112424107
1701944394772620977,-1.0789972726138863e-06,0.0033526603577182733,16.000000147583677
1701944394774674223,-1.438519117404266e-06,0.0033873280505388134,16.000000204892086
1701944394776286715,-1.75215050753472e-06,0.003414565481566681,16.000000247543134
1701944394777797324,-2.064043677290949e-06,0.0034400957911263456,16.000000283279086
1701944394779375311,-2.4003206067573196e-06,0.003466780910139805,16.000000315705254
1701944394780958253,-2.741040175084982e-06,0.003493562882164617,16.00000034397565
1701944394782537169,-3.079578611918388e-06,0.0035202977627470677,16.0000003690323
1701944394784029586,-3.397100009235014e-06,0.0035455798022654716,16.000000390378986
1701944394785584241,-3.7275578081009066e-06,0.0035719365074930653,16.000000410236392
1701944394787445412,-4.128655458559842e-06,0.003603506484651408,16.000000430747633
1701944394789083581,-4.491811741496736e-06,0.003631310153567558,16.00000044624993
1701944394790595090,-4.8386911440889105e-06,0.003656975543503518,16.00000045918832
1701944394792256163,-5.235006693396635e-06,0.0036851888674049355,16.00000047269146
1701944394793656801,-5.582575336219083e-06,0.0037089871513535325,16.000000483705698
1701944394795002361,-5.9291778788792925e-06,0.0037318552516086272,16.000000494017105
1701944394796365769,-6.294199404454488e-06,0.003755028185110759,16.000000504631686
1701944394797845204,-6.706920193231563e-06,0.0037801799790280633,16.000000517555602
1701944394799402890,-7.160347805560409e-06,0.003806671324504222,16.000000534550253
1701944394800672278,-7.5439120952618825e-06,0.003828261756042584,16.000000552229395
1701944394801888136,-7.923145321739926e-06,0.0038489478796135262,16.000000573240722
1701944394803434350,-8.422654709418424e-06,0.0038752556063078544,16.000000606166697
1701944394805198643,-9.018112734033008e-06,0.0039052762541831754,16.000000651965767
1701944394806911705,-9.624377157787963e-06,0.0039344215513300125,16.000000703941875
1701944394808264710,-1.0123684606304617e-05,0.003957438190863968,16.000000749077852
1701944394809658692,-1.0656631894888458e-05,0.00398115017151012,16.00000079750961
1701944394811004997,-1.1187549713583626e-05,0.004004050870394577,16.0000008444196
1701944394812107188,-1.1632175451359174e-05,0.0040227957077131095,16.000000882203807
1701944394813345625,-1.2140695178710911e-05,0.004043865100860324,16.000000924249598
1701944394814839419,-1.2765244088291052e-05,0.004069272703730849,16.000000975897407
1701944394816034205,-1.3274509021205566e-05,0.004089595450132381,16.000001019219155
1701944394817416449,-1.3876443627290037e-05,0.004113094892003335,16.0000010725662
1701944394819051191,-1.4608407927611312e-05,0.0041408806544117,16.00000113975502
1701944394820290451,-1.5177549284313597e-05,0.004161935998646102,16.000001192566046
1701944394821609539,-1.579489579097539e-05,0.004184337552751672,16.000001249119624
1701944394822496981,-1.6215909278356717e-05,0.004199406302350795,16.000001287114106
1701944394824134291,-1.7002986616671436e-05,0.0042272070029192735,16.00000135895607
1701944394825611791,-1.772491773105601e-05,0.0042522879957160135,16.000001428815864
1701944394826976144,-1.8402990538838176e-05,0.004275445408748398,16.000001501158017
1701944394828280832,-1.9063952329298418e-05,0.004297595711807914,16.000001579618367
1701944394829450674,-1.9668510813451835e-05,0.004317452809955052,16.000001657933087
1701944394830893484,-2.0432080931781686e-05,0.004341951261007329,16.000001763406477
1701944394832225723,-2.1155564400988642e-05,0.004364574596981788,16.000001867603807
1701944394834031822,-2.216473303052916e-05,0.004395247409205554,16.00000201656575
1701944394835895904,-2.3239453263219176e-05,0.004426914070453207,16.000002178522095
1701944394837679719,-2.429751416154869e-05,0.004457216655567946,16.000002341549838
1701944394839043354,-2.5125412421972632e-05,0.0044803884342799844,16.00000247189665
1701944394840154444,-4.936802275843939e-13,0.0017046953365980905,15.99999999999741
1701944394841945861,-3.5392675091308905e-08,0.0016571832040070229,16.000000009370073
1701944394843107730,-6.895731570035351e-08,0.0016381650483085085,16.000000017666775
1701944394844460696,-1.2020676829216572e-07,0.0016160156345856318,16.000000028231938
1701944394845834293,-1.8319693321326518e-07,0.0015935283813573637,16.000000038120024
1701944394847209171,-2.5454848194709566e-07,0.0015710148122804843,16.000000046203766
1701944394848771547,-3.42746221303732e-07,0.0015454285872630305,16.000000053386756
1701944394850031081,-4.180012574620442e-07,0.0015247975278784606,16.000000058456028
1701944394851392498,-5.030531072925202e-07,0.001502495291279639,16.000000064748072
1701944394852662827,-5.8699678550575e-07,0.0014816816592108132,16.000000073099322
1701944394853981542,-6.817440359855013e-07,0.0014600717183361341,16.000000086513516
1701944394855176535,-7.77488908713026e-07,0.0014404872347635006,16.000000104594882
1701944394856597856,-9.073298947682175e-07,0.0014171894939869352,16.00000013491181
1701944394857675564,-1.0182226922424265e-06,0.0013995273422901617,16.000000164183103
1701944394859162754,-1.1873825217200547e-06,0.0013751556774078914,16.00000021111783
1701944394860609566,-1.3662443130615745e-06,0.001351453580241184,16.00000026049799
1701944394861657324,-1.5015478193320478e-06,0.0013342895227355038,16.000000296102588
1701944394862838455,-1.6554157175114995e-06,0.0013149442900933016,16.000000333436397
1701944394864410780,-1.8548314286528416e-06,0.0012891919887637292,16.00000037536719
1701944394866008484,-2.0433607135774138e-06,0.0012630259611308191,16.000000406348278
1701944394867995206,-2.2486273901604115e-06,0.001230488658366715,16.000000425550386
1701944394869881960,-2.410158071859515e-06,0.0011995949020688868,16.00000042216031
1701944394871275333,-2.5103784849388268e-06,0.0011767781989609604,16.000000405685817
1701944394872738349,-2.604631364122334e-06,0.0011528280283127654,16.00000037629053
1701944394873819246,-2.6723932232424726e-06,0.00113513153986536,16.000000347794714
1701944394875140847,-2.7615366092600017e-06,0.0011134963678643107,16.000000308120633
1701944394876430707,-2.8622253937991904e-06,0.0010923792025232782,16.00000026778053
1701944394877898128,-3.0006903633260672e-06,0.0010683523226086124,16.0000002247207
1701944394879401554,-3.174466969051693e-06,0.001043737125268119,16.00000018768942
1701944394880700497,-3.3538479052517153e-06,0.001022460144444294,16.000000163236283
1701944394882146117,-3.5883396925424916e-06,0.0009987793951809626,16.00000014433257
1701944394883594278,-3.863022620953223e-06,0.0009750470015824649,16.0000001323082
1701944394884947473,-4.158269404024929e-06,0.0009528605162805415,16.00000012424832
1701944394886217647,-4.471045090821627e-06,0.0009320301385979979,16.00000011582965
1701944394887489842,-4.8196195226115416e-06,0.000911158541889462,16.000000102516577
1701944394888750400,-5.19903559041796e-06,0.0008904762847085551,16.00000008060561
1701944394889978642,-5.599403165341599e-06,0.0008703244945015966,16.00000004750243
1701944394891173171,-6.014844952528418e-06,0.0008507347659507276,16.000000001389626
1701944394892411156,-6.468532014941654e-06,0.0008304399692007629,15.999999936802395
1701944394893621504,-6.930016727748167e-06,0.0008106142597872715,15.999999855913822
1701944394895156463,-7.533261770171547e-06,0.0007854847720167362,15.999999727982013
1701944394896793404,-8.190562269311984e-06,0.0007587012427563981,15.999999562101124
1701944394898161372,-8.745652735645559e-06,0.0007363292898962431,15.999999402700555
1701944394899585518,-9.325665463588405e-06,0.0007130523623984645,15.999999220445728
1701944394901341505,-1.004393957223322e-05,0.0006843696860851433,15.999998978527344
1701944394903743928,-1.1040645884793192e-05,0.0006451645010437805,15.999998624939813
1701944394905033184,-1.1586965976077365e-05,0.0006241473698465964,15.999998425978324
1701944394906259639,-1.2119558499125169e-05,0.0006041628393117403,15.999998230454501
1701944394907625590,-1.2732548378401512e-05,0.0005819084933249471,15.999998004034891
1701944394908887450,-1.332054824831887e-05,0.0005613559761057062,15.999997785713788
1701944394910087761,-1.3902299305400585e-05,0.0005417969213094498,15.999997569627483
1701944394911415877,-1.457460787036611e-05,0.0005201498922871709,15.999997322482821
1701944394912537519,-1.5168629279619491e-05,0.0005018554177065124,15.99999710905783
1701944394913865856,-1.590618738928411e-05,0.00048018413463899514,15.999996854014075
1701944394915426531,-1.6823216927293306e-05,0.00045471116430520855,15.999996554750156
1701944394916910988,-1.7747111209191613e-05,0.0004304793450444135,15.999996273164236
1701944394918117380,-1.853460051419445e-05,0.0004107858876821154,15.999996047623132
1701944394919531123,-1.9497205800587133e-05,0.000387709598532739,15.999995787335786
1701944394920942452,-2.0498573345303552e-05,0.0003646771468002369,15.999995531287597
1701944394922351472,-2.1536110924422955e-05,0.000341692995623416,15.999995278678062
1701944394923766393,-2.261443867706377e-05,0.0003186134934441405,15.999995027045248
1701944394924956166,-2.3547379720189076e-05,0.0002992135985132232,15.99999481630549
1701944394926389033,-2.469952194400323e-05,0.0002758545609180974,15.999994562092533
1701944394928306201,-2.6283349101125627e-05,0.0002446128082788526,15.999994218838486
1701944394929973018,-2.7695656577447527e-05,0.00021745628674322054,15.999993915881861
1701944394931629408,-2.9128843748497302e-05,0.00019048138209269225,15.999993610071218
1701944394932871238,-3.022304682737607e-05,0.0001702580006609629,15.999993377897853
1701944394934104189,-3.132672208407206e-05,0.00015018297142394064,15.999993145856326
1701944394936115846,-3.3167631306955025e-05,0.00011742669043569599,15.999992767388017
1701944394937375194,-3.434684104250584e-05,9.691335141228814e-05,15.999992532377322
1701944394938698248,-3.56080084087056e-05,7.536490105286044e-05,15.999992289456001
1701944394940168553,-3.703537676894578e-05,5.141522758106415e-05,15.999992025977823
1701944394941555002,1.6509691264923396e-11,0.0010228150073860437,16.000000000001155
1701944394942858423,-3.436024182136897e-08,0.0010047315190846113,16.000000012833684
1701944394944254493,-7.647416348647207e-08,0.000995351803571637,16.000000029126497
1701944394945703605,-1.3136568228828713e-07,0.0009856203649615996,16.000000051299274
1701944394947154786,-1.9372440960168702e-07,0.0009758797870711381,16.000000076436777
1701944394948546516,-2.581091715171106e-07,0.0009665428671966816,16.000000100440225
1701944394949811231,-3.1920203034851097e-07,0.0009580589963354903,16.000000119693365
1701944394951132044,-3.844335696767532e-07,0.0009492011397393949,16.000000135199702
1701944394952363468,-4.4580225862920855e-07,0.0009409449029442843,16.000000144887856
1701944394953632275,-5.096723749132075e-07,0.000932440144202486,16.000000151170255
1701944394954954099,-5.785361089833306e-07,0.0009235829915852516,16.000000156592783
1701944394956108642,-6.430191889204146e-07,0.0009158481147278031,16.000000163466893
1701944394957361439,-7.208396889000643e-07,0.0009074511462896666,16.000000176931344
1701944394959089825,-8.462559962892518e-07,0.0008958558947464025,16.00000021131499
1701944394960771857,-9.9137702524149e-07,0.0008845495487623525,16.00000026611207
1701944394962090257,-1.1222563615953712e-06,0.0008756681509446163,16.000000325008298
1701944394963389719,-1.266499975680547e-06,0.000866897098008639,16.000000396164346
1701944394964617207,-1.4165824528608705e-06,0.0008585942106314723,16.000000473147782
1701944394965964099,-1.5956556596918292e-06,0.0008494687799106751,16.00000056414239
1701944394967130355,-1.7613728792098157e-06,0.000841554651278692,16.00000064430801
1701944394968740864,-2.002300533841252e-06,0.0008306134666792785,16.00000074952585
1701944394970251876,-2.2366470938815232e-06,0.0008203386961359738,16.000000837050955
1701944394971544745,-2.4394640726703874e-06,0.0008115393673689941,16.000000900236987
1701944394973233124,-2.7011281394271976e-06,0.0008000399434160096,16.000000964930887
1701944394974717472,-2.9245081578310223e-06,0.0007899244802868568,16.0000010066756
1701944394975895855,-3.0963266937017885e-06,0.0007818873416504024,16.00000103217941
1701944394977110757,-3.269021566074874e-06,0.0007735973802136014,16.0000010542847
1701944394978244982,-3.427974271469946e-06,0.000765855637143982,16.000001073180176
1701944394980012386,-3.67665507425415e-06,0.000753785198749021,16.000001102592798
1701944394981474838,-3.886913567982171e-06,0.0007437904769290366,16.00000112831783
1701944394982933327,-4.1039725987932675e-06,0.0007338148600385616,16.000001156051994
1701944394984268415,-4.31122175844156e-06,0.0007246724207243454,16.000001183528926
1701944394985911723,-4.579990990914548e-06,0.0007134046128466752,16.00000122026008
1701944394987222922,-4.807125877890716e-06,0.0007043987984450883,16.000001251850648
1701944394988939186,-5.125306639050048e-06,0.0006925929651935562,16.000001295510675
1701944394990852013,-5.513463649376366e-06,0.0006794147647284396,16.000001345408904
1701944394992610311,-5.906920873082524e-06,0.0006672864052340522,16.00000139021036
1701944394994143808,-6.2822289250117335e-06,0.0006566964067633985,16.000001426382383
1701944394995457215,-6.628051488422994e-06,0.0006476176799367704,16.000001453342072
1701944394996817997,-7.007888400102122e-06,0.0006382014693393643,16.000001475017964
1701944394998234830,-7.421777677145968e-06,0.0006283876565863942,16.000001488102235
1701944394999732651,-7.873567376799352e-06,0.0006179975453479846,16.000001488582733
1701944395001190365,-8.322245037761746e-06,0.0006078752288376396,16.00000147392194
1701944395002545738,-8.745464072500097e-06,0.0005984552462703425,16.000001446096547
1701944395003982444,-9.20108495510618e-06,0.0005884657142993025,16.00000140159713
1701944395005719469,-9.764860783570946e-06,0.0005763889793194496,16.00000132766224
1701944395006938901,-1.017123624253714e-05,0.000567912800343697,16.000001263018635
1701944395008263795,-1.0624770050276213e-05,0.0005587104695012116,16.000001181623812
1701944395009735913,-1.1145702579813759e-05,0.0005484962417276042,16.000001078696123
1701944395011111007,-1.1650866679789229e-05,0.0005389636812275792,16.000000971961725
1701944395012736924,-1.2274513702327866e-05,0.0005277046665123933,16.000000834350693
1701944395014225115,-1.2872763307983465e-05,0.0005174126429751776,16.00000069862458
1701944395015665609,-1.3478419935303962e-05,0.0005074586790746834,16.00000055903808
1701944395017102483,-1.4107655109840482e-05,0.0004975389909437427,16.000000412804805
1701944395018720060,-1.4841759726578025e-05,0.0004863831990166173,16.00000024197624
1701944395020470871,-1.5659929271185192e-05,0.0004743241435391912,16.000000052901285
1701944395022372208,-1.656837582344638e-05,0.0004612447104294128,15.999999846547617
1701944395024661547,-1.768202711039086e-05,0.0004455206133063999,15.999999601776203
1701944395026046934,-1.836529153144518e-05,0.0004360155022017695,15.999999457396687
1701944395027293887,-1.8986769247778012e-05,0.0004274648984740836,15.999999330926567
1701944395028494877,-1.959239196379964e-05,0.00041923053338002156,15.999999212712197
1701944395029710262,-2.0213762083131807e-05,0.0004108944519167072,15.99999909676807
1701944395030997983,-2.0882531414488942e-05,0.00040205897655693905,15.999998977499786
1701944395032286548,-2.1563524032359844e-05,0.0003932127604734071,15.999998860476008
1701944395033532103,-2.2233616427348797e-05,0.00038465998865884525,15.999998747639927
1701944395034767984,-2.2910981783954928e-05,0.0003761734630482637,15.999998633807841
1701944395035788088,-2.3480696212835022e-05,0.0003691677237927138,15.999998537021753
1701944395037402903,-2.4405094318257666e-05,0.00035808179581800503,15.999998376018954
1701944395038751712,-2.520078111564681e-05,0.000348826127295174,15.999998232685785
1701944395039617770,-2.5724437517710856e-05,0.0003428839471121723,15.999998135585093
1701944395041442799,-2.6865816168988897e-05,0.0003303693092321296,15.99999791467351
1701944395042341660,-2.7448439589190175e-05,0.00032420957887287254,15.999997796752552
1701944395043786818,-2.841726552241023e-05,0.00031431416154490034,15.99999759198674
1701944395045376613,8.586256573496704e-12,-0.0010228147509242984,16.000000000007073
1701944395046787864,-9.003937233849854e-08,-0.0010819211587269624,15.999999954822263
1701944395048090682,-1.8462449967506973e-07,-0.0011075600958530569,15.999999906714127
1701944395049384515,-3.098171463311009e-07,-0.0011330154751136566,15.999999840972812
1701944395050770067,-4.751539769446794e-07,-0.0011602630058164553,15.999999749824243
1701944395053023142,-8.053027123245158e-07,-0.0012045594989880631,15.999999553725317
1701944395054884807,-1.1318113268283274e-06,-0.0012411526721075187,15.999999346688476
1701944395056539621,-1.4619095047412227e-06,-0.0012736642974709644,15.999999130343413
1701944395057716732,-1.7202856518116155e-06,-0.0012967900469837029,15.999998960200902
1701944395059090747,-2.0473804195359502e-06,-0.0013237688602833946,15.999998748765973
1701944395060277687,-2.351598133723237e-06,-0.0013470616290212358,15.999998558268581
1701944395061496422,-2.6826627471124168e-06,-0.0013709697695965448,15.999998358611775
1701944395062804542,-3.0548128948225142e-06,-0.0013966154245934872,15.99999814330297
1701944395063931851,-3.3858533151277446e-06,-0.0014187155364155859,15.99999795892033
1701944395065376761,-3.818543378100039e-06,-0.0014470326362051819,15.99999772627072
1701944395066882053,-4.275762287974851e-06,-0.0014765382859140421,15.999997489240496
1701944395068214185,-4.6844298470181315e-06,-0.0015026513086862203,15.999997284526097
1701944395069544076,-5.0964727569896454e-06,-0.0015287285985375045,15.999997085062494
1701944395071140034,-5.597406203047398e-06,-0.0015600336596577557,15.99999685218443
1701944395072535624,-6.042206763340639e-06,-0.0015874172529118475,15.999996654042025
1701944395073874962,-6.476601978356955e-06,-0.0016137143670612618,15.99999646798171
1701944395075168287,-6.905386857983521e-06,-0.0016391228378048312,15.9999962913201
1701944395076511423,-7.364023297940094e-06,-0.001665522919392307,15.999996109988144
1701944395077729118,-7.795300994813308e-06,-0.0016894784117756764,15.999995946196332
1701944395079104413,-8.303741990814053e-06,-0.0017165461978534678,15.999995759672403
1701944395080380595,-8.797691238731362e-06,-0.0017416797386519774,15.99999558263671
1701944395082745487,-9.767962814160386e-06,-0.001788269648901726,15.999995237414218
1701944395084724143,-1.0630154125327006e-05,-0.0018272540992097846,15.999994928059143
1701944395087040966,-1.1688016995741781e-05,-0.001872880815773267,15.999994540237099
1701944395088348943,-1.2304315191853169e-05,-0.0018986249136954763,15.99999430980285
1701944395089601465,-1.2903992543573094e-05,-0.0019232667860503245,15.999994083143893
1701944395090924224,-1.3544974762243315e-05,-0.0019492748994654333,15.99999383965454
1701944395092453884,-1.4295224151724444e-05,-0.0019793426559861866,15.999993555163503
1701944395093766201,-1.4946992614418532e-05,-0.002005135341967834,15.999993309642443
1701944395095020611,-1.55777404057193e-05,-0.0020297945110445354,15.999993073597201
1701944395096315832,-1.623690883748029e-05,-0.0020552690200094275,15.999992827467693
1701944395097598778,-1.68961422570818e-05,-0.0020805092641460344,15.99999258031746
1701944395098917953,-1.7578324219593264e-05,-0.002106469954286748,15.999992322288731
1701944395100131580,-1.820813087741414e-05,-0.0021303557429118605,15.999992081771166
1701944395102014016,-1.9188025296470014e-05,-0.0021674108971906827,15.999991704171594
1701944395103805706,-2.0123979742858064e-05,-0.0022026779996620334,15.999991340760081
1701944395105474491,-2.0998672800693234e-05,-0.002235523266930557,15.999990999048213
1701944395106699831,-2.164278036884856e-05,-0.002259644216311583,15.999990745701608
1701944395107726714,-2.2183924109267638e-05,-0.0022798552251806297,15.999990531284151
1701944395109434201,-2.3089296072377724e-05,-0.0023134542688800067,15.999990169310992
1701944395110653672,-2.374245647808981e-05,-0.0023374482616766354,15.99998990615648
1701944395112297367,-2.4635318907552544e-05,-0.002369776888030417,15.999989544480558
1701944395114276687,-2.5732881041998564e-05,-0.0024086873635224093,15.99998909632499
1701944395116173129,-2.6808532331116506e-05,-0.0024459401359794588,15.999988651838894
1701944395117359246,-2.749322452537188e-05,-0.002469225127183751,15.999988365576279
1701944395119069657,-2.8496291595898635e-05,-0.0025027798751043923,15.999987941720972
1701944395120670180,-2.9451985091600302e-05,-0.0025341569530869944,15.99998753461599
1701944395121800299,-3.0137143451890997e-05,-0.0025563028204856693,15.99998724231932
1701944395123394597,-3.111856260166581e-05,-0.0025875396092999168,15.999986825689083
1701944395124606222,-3.187530760734758e-05,-0.002611278374190816,15.999986507035834
1701944395125793602,-3.2624445552788686e-05,-0.0026345477183276574,15.99998619414903
1701944395126916618,-3.3337829354306866e-05,-0.002656554212500513,15.999985898396007
1701944395128387815,-3.4277450644915777e-05,-0.002685390741216547,15.999985511134225
1701944395129503204,-3.499226660047983e-05,-0.0027072519241763383,15.999985216899674
1701944395130786507,-3.58155167794824e-05,-0.002732401575334251,15.999984875104804
1701944395132356470,-1.5342196575131826e-11,-0.002386451076512827,15.999999999993335
1701944395133742505,5.708997991026048e-09,-0.0024327821196868677,15.999999976669764
1701944395134969535,1.214832565704682e-08,-0.0024520016511222556,15.99999995181993
1701944395136005295,2.0310061606932287e-08,-0.0024682239471959196,15.999999921773956
1701944395137531573,3.680509024235007e-08,-0.0024921121819063813,15.999999861961705
1701944395138935193,5.622458555521394e-08,-0.002514071341907444,15.999999792839388
1701944395140147398,7.620410267910791e-08,-0.002533030543680171,15.999999725836453
1701944395141887907,1.1102501526227838e-07,-0.002560233696334926,15.999999626315363
1701944395143539451,1.5140134107850025e-07,-0.0025860292074159834,15.999999535288532
1701944395145118948,1.9570697865285794e-07,-0.0026106818715513147,15.999999456516251
1701944395146692268,2.4233053117526646e-07,-0.002635218979502812,15.9999993881022
1701944395148151589,2.845367800966294e-07,-0.0026579632288742396,15.999999332939172
1701944395149427234,3.1862449358612575e-07,-0.0026778338026784538,15.999999289804611
1701944395150930219,3.5424308952379444e-07,-0.0027012445554630755,15.999999243241849
1701944395152431349,3.8468510022680837e-07,-0.0027246304744375917,15.999999200330569
1701944395153981949,4.1062858877753763e-07,-0.0027488014756740686,15.999999159705334
1701944395155287104,4.2758870086875455e-07,-0.002769157249158833,15.99999912906442
1701944395156315761,4.370539946984434e-07,-0.0027852112415254603,15.999999107627037
1701944395157570440,4.4261876116994237e-07,-0.002804796437177837,15.999999084288925
1701944395158903916,4.401219576615188e-07,-0.0028256204326028126,15.999999060935359
1701944395160226198,4.28121023146507e-07,-0.0028462735874541074,15.99999903658349
1701944395161668478,4.0297651540454e-07,-0.0028688059337367627,15.9999990061098
1701944395162854618,3.7146811920145825e-07,-0.0028873358465334163,15.999998977198585
1701944395164238351,3.1941095463370653e-07,-0.0029089556479460457,15.999998939310764
1701944395165831648,2.3481959159487164e-07,-0.0029338503725275097,15.999998891116322
1701944395167032117,1.5148554029410483e-07,-0.0029526126954859786,15.99999885192099
1701944395168043647,6.744326665969e-08,-0.002968426633108727,15.999998816674127
1701944395169474894,-7.288109341228963e-08,-0.0029908064122704235,15.999998761574025
1701944395170650204,-2.0643038017953353e-07,-0.003009193309443237,15.999998709954516
1701944395172258603,-4.148899276364875e-07,-0.0030343683214985404,15.999998626062315
1701944395173662927,-6.203121794021785e-07,-0.0030563659270405625,15.999998537387588
1701944395175467050,-9.143300446831056e-07,-0.0030846518480154446,15.999998398350073
1701944395177080958,-1.2041267855014997e-06,-0.003109977314063677,15.99999824815
1701944395178426062,-1.4634655320492016e-06,-0.0031310994004060707,15.999998103967949
1701944395179719273,-1.7268080888416482e-06,-0.0031514125071623908,15.999997949708822
1701944395181093079,-2.020426178281999e-06,-0.0031729940866568906,15.99999777029398
1701944395182212596,-2.2695028259504116e-06,-0.003190581743576862,15.999997613224135
1701944395183614081,-2.592997218206596e-06,-0.0032125912434089053,15.999997404419931
1701944395184639430,-2.838264536461439e-06,-0.0032286913019027837,15.999997243917278
1701944395186668537,-3.348891033879725e-06,-0.003260539046064368,15.999996910272792
1701944395187829691,-3.6579001265109133e-06,-0.003278755987211258,15.999996710857141
1701944395189030226,-3.992017919344028e-06,-0.003297586731655128,15.99999649961901
1701944395190176543,-4.325479710945728e-06,-0.0033155666257190545,15.999996294446369
1701944395191337010,-4.677076804201637e-06,-0.0033337699785492034,15.99999608476869
1701944395192590859,-5.071948570367582e-06,-0.0033534345817006115,15.999995857608466
1701944395193733551,-5.445270658895462e-06,-0.0033713519109814243,15.999995650960692
1701944395194844189,-5.821450743325292e-06,-0.0033887709801055086,15.999995450515009
1701944395196089798,-6.2602006922228e-06,-0.003408302279169705,15.999995225121898
1701944395197429562,-6.752716552052583e-06,-0.0034293159330372634,15.99999497889175
1701944395199095964,-7.392809601317203e-06,-0.0034554543621578312,15.999994661352876
1701944395200329870,-7.884394019860267e-06,-0.0034748140505376033,15.999994415033177
1701944395201690027,-8.441688291910144e-06,-0.0034961614438880828,15.99999413056767
1701944395203107301,-9.03919018083353e-06,-0.0035184098264787237,15.99999382053693
1701944395204531259,-9.657338020040031e-06,-0.0035407587303610344,15.999993498313374
1701944395206355718,-1.0476625010297794e-05,-0.003569393380865663,15.999993077244156
1701944395208039180,-1.1259065406938787e-05,-0.0035958065191926953,15.999992687928382
1701944395209396731,-1.1907568617657687e-05,-0.003617101778596031,15.999992377869798
1701944395210861005,-1.262378275575203e-05,-0.003640065373870591,15.999992049657951
1701944395212242636,-1.3316175345158592e-05,-0.003661732885892742,15.999991745005515
1701944395213592598,-1.4010075577713938e-05,-0.0036829021897915354,15.999991449081636
1701944395214961048,-1.4734231458231086e-05,-0.0037043636019089116,15.999991146534589
1701944395216280148,-1.5455832391543893e-05,-0.003725052849806392,15.99999084837066
1701944395217611800,-1.6212148751521724e-05,-0.003745939423594166,15.999990537483866
1701944395218879230,1.2946979212601637e-11,-0.0013637562570398623,16.00000000000078
1701944395220388915,-7.511970641765808e-08,-0.0013309396984178986,15.99999997166949
1701944395221520742,-1.4991159998584045e-07,-0.0013175696333794914,15.999999943648104
1701944395223194751,-3.1124802024674673e-07,-0.0012977935754471428,15.999999884253237
1701944395224344501,-4.572127062077656e-07,-0.0012842124218252642,15.99999983152411
1701944395225697435,-6.639276374870308e-07,-0.001268223406359586,15.999999758601945
1701944395227070393,-9.091475480978857e-07,-0.0012519895047977056,15.999999674908215
1701944395228413459,-1.1798311656197266e-06,-0.0012360922872016213,15.999999586133168
1701944395229832362,-1.4951888497138063e-06,-0.001219273934923157,15.99999948723694
1701944395231003668,-1.7767893087127226e-06,-0.0012053742999884145,15.99999940262378
1701944395232204752,-2.0856643258696316e-06,-0.001191108992056783,15.99999931340502
1701944395233383583,-2.4098844391616677e-06,-0.0011770927352881232,15.99999922330145
1701944395234950296,-2.8742945597182793e-06,-0.0011584574922682937,15.999999099367413
1701944395236870504,-3.4944048153960143e-06,-0.0011356115254995646,15.999998940503005
1701944395238584231,-4.090513349254196e-06,-0.0011152246373719043,15.999998791806858
1701944395240009213,-4.611201407281401e-06,-0.0010982765018519587,15.999998662469665
1701944395241330275,-5.108585637809536e-06,-0.0010825665496423849,15.99999853701651
1701944395242765290,-5.658929015793709e-06,-0.001065501978640645,15.999998394254058
1701944395243909531,-6.102509475964195e-06,-0.001051886127220918,15.99999827627394
1701944395245327657,-6.655823958984714e-06,-0.00103500371838779,15.999998128044819
1701944395246690967,-7.191961753410791e-06,-0.0010187622254338039,15.99999798733431
1701944395248072191,-7.741556457168727e-06,-0.0010022964433783242,15.999997851247779
1701944395249496239,-8.318340402904346e-06,-0.0009853092683918161,15.999997722227077
1701944395250978774,-8.933447906444294e-06,-0.0009676176253453231,15.999997603514824
1701944395252177373,-9.443978059413421e-06,-0.0009533080532424433,15.999997520015723
1701944395253588946,-1.0062062282671079e-05,-0.0009364578476671691,15.999997434660704
1701944395254762611,-1.0590615666264643e-05,-0.0009224448521133511,15.999997372096935
1701944395256049718,-1.1185374204894466e-05,-0.0009070797433243475,15.999997308909526
1701944395257266222,-1.1762025995990866e-05,-0.000892553942607642,15.999997251782103
1701944395258622227,-1.2420995181352581e-05,-0.0008763639945559461,15.999997189102178
1701944395259956077,-1.3085964598674859e-05,-0.0008604322247824983,15.99999712813799
1701944395261301420,-1.3772732129436006e-05,-0.000844357880617245,15.999997068481271
1701944395262683784,-1.4493659164017792e-05,-0.0008278341154596523,15.99999701093468
1701944395264001974,-1.519372502745559e-05,-0.0008120688936180853,15.999996960930941
1701944395265470143,-1.5985930947126733e-05,-0.0007945043801139199,15.999996911361801
1701944395267141455,-1.6903285601183285e-05,-0.0007744977729679639,15.999996862098792
1701944395269681858,-1.8330899159010793e-05,-0.0007440753615217877,15.999996798954758
1701944395271135773,-1.916737044608134e-05,-0.0007266637149041358,15.999996768072025
1701944395272632447,-2.0045614593445135e-05,-0.000708743146920035,15.999996739194522
1701944395273793828,-2.0740803278847547e-05,-0.0006948369577927839,15.999996718198238
1701944395275566346,-2.182675111639714e-05,-0.0006736241020381549,15.999996686846718
1701944395276571609,-2.245646879998736e-05,-0.0006615960998450098,15.999996668653516
1701944395277721030,-2.318868591477083e-05,-0.0006478415299401035,15.999996646141401
1701944395278995791,-2.4015760058209976e-05,-0.0006325827119798898,15.999996617583758
1701944395280645652,-2.5109860466984062e-05,-0.0006128264715977879,15.9999965735347
1701944395282126652,-2.6115286252510122e-05,-0.0005950825440304862,15.999996527122164
1701944395283703549,-2.721018503585104e-05,-0.0005761818618214954,15.999996471433416
1701944395284990022,-2.8122014979370804e-05,-0.000560757036847887,15.999996421556911
1701944395286217741,-2.900771221674007e-05,-0.0005460365167047031,15.99999636952032
1701944395287525754,-2.9968882699311497e-05,-0.000530353059122802,15.99999630703236
1701944395288794290,-3.092019553111678e-05,-0.0005151434816191644,15.999996236233308
1701944395290027230,-3.186545823297733e-05,-0.0005003655333848165,15.99999615409579
1701944395291286750,-3.285528177497897e-05,-0.000485270279380676,15.999996052755368
1701944395292618917,-3.393028325589122e-05,-0.0004693051461717799,15.999995922863214
1701944395293740784,-3.48571233813561e-05,-0.0004558620063399978,15.9999957936653
1701944395295073073,-3.598123391996121e-05,-0.00043989107171221324,15.999995615901737
1701944395296611929,-3.730862616362798e-05,-0.00042143012065180895,15.99999537895841
1701944395298275510,-3.877687313484344e-05,-0.0004014564339431053,15.999995088738098
1701944395299979728,-4.031739006910679e-05,-0.00038096946514159776,15.99999476102492
1701944395301334681,-4.156877610747077e-05,-0.0003646653117093572,15.999994483667678
1701944395303252850,-4.3380847315333275e-05,-0.000341563621217389,15.999994075001313
1701944395304913820,-4.4986881996121265e-05,-0.00032155113527870073,15.999993711629852
1701944395306154138,-4.620741118135975e-05,-0.00030660028148464925,15.999993436592085
1701944395307458021,-4.750652141789986e-05,-0.000290888747673326,15.99999314401068
1701944395308766035,-4.882303661337345e-05,-0.00027512675646644227,15.99999284418734
1701944395310002453,-5.007468552808351e-05,-0.000260235959180493,15.999992551080311
1701944395311419198,-5.15117932478438e-05,-0.00024318492668421926,15.999992197611064
1701944395312573885,-5.2682201770966066e-05,-0.00022929696906775116,15.99999189171803
1701944395314042710,-5.416656600413614e-05,-0.00021164247222743373,15.999991474977236
1701944395315576607,-5.570923842439037e-05,-0.0001932245227437205,15.999991004494014
1701944395316929429,-5.706358627793282e-05,-0.00017699328440758311,15.999990558969571
1701944395318210466,-5.834200918982438e-05,-0.00016163438015617736,15.999990110561082
1701944395319686327,-5.981404697612786e-05,-0.00014394888840718828,15.999989560896164
1701944395320829073,-1.3964485492436174e-11,-0.002045510852192116,16.00000000001213
1701944395322274336,-1.142186800818975e-08,-0.0020628284338413522,15.999999939902478
1701944395323573394,-2.8280311750299193e-08,-0.0020715269133607817,15.999999863270649
1701944395324959568,-6.139373049386977e-08,-0.0020808102611976865,15.999999744808427
1701944395326241793,-1.1154838382305931e-07,-0.002089394476265539,15.999999601013933
1701944395328026971,-2.2285912520103567e-07,-0.0021013363668682824,15.999999347374429
1701944395329907582,-4.0093867832702254e-07,-0.0021138985819665022,15.999999014814973
1701944395331471574,-6.006572786263974e-07,-0.002124329359799412,15.999998687558078
1701944395332848034,-8.167234503100002e-07,-0.0021334949917970972,15.99999836066358
1701944395334139109,-1.0548830211743812e-06,-0.0021420801311742873,15.999998020093368
1701944395336322871,-1.5415372010048257e-06,-0.0021565755292152254,15.999997369788687
1701944395337667421,-1.8967045370696636e-06,-0.002165486539375934,15.999996924679618
1701944395338986180,-2.2890711552203915e-06,-0.002174215359290985,15.999996458763345
1701944395340340374,-2.738136560857025e-06,-0.0021831701817237275,15.999995954638859
1701944395341586218,-3.1905323013979267e-06,-0.0021914007536654187,15.99999547192585
1701944395342867723,-3.6905585475342588e-06,-0.002199862544197482,15.999994959316693
1701944395344106720,-4.20195814494301e-06,-0.002208041284868794,15.999994449036404
1701944395345243558,-4.690860779165509e-06,-0.0022155444449008274,15.999993967348093
1701944395346670097,-5.3264170226196966e-06,-0.002224964060913418,15.999993341127478
1701944395347852642,-5.869785551448732e-06,-0.0022327769999012704,15.999992800028798
1701944395349230629,-6.520481213466592e-06,-0.0022418895664539384,15.99999213737779
1701944395350613750,-7.19236042023531e-06,-0.002251050464288478,15.999991429522316
1701944395351942317,-7.855302367503348e-06,-0.002259858438097415,15.999990702854884
1701944395353180920,-8.489787616884603e-06,-0.002268075642596141,15.999989980346184
1701944395354378321,-9.11933341845245e-06,-0.002276018465418523,15.999989240421016
1701944395355797213,-9.887320007991835e-06,-0.0022854230597184415,15.99998831465114
1701944395356925754,-1.0515117872868201e-05,-0.002292889390723553,15.999987544993484
1701944395358596972,-1.1471437887589413e-05,-0.0023039198062611813,15.999986360019395
1701944395359895128,-1.2234481336953438e-05,-0.0023124621003376275,15.99998540670304
1701944395361962192,-1.3480991975152083e-05,-0.0023260160575505995,15.99998383404297
1701944395363561821,-1.447054696993087e-05,-0.0023364715208621786,15.999982569299021
1701944395364743828,-1.521550576845282e-05,-0.0023441795965824038,15.99998160577147
1701944395365894269,-1.595419334052369e-05,-0.0023516756077376836,15.999980640495698
1701944395367163026,-1.6788160022117935e-05,-0.002359935422137927,15.999979540993605
1701944395368820095,-1.791619529794724e-05,-0.0023707212892294612,15.999978042916974
1701944395370090106,-1.8814478758092513e-05,-0.0023789824480495644,15.999976844505394
1701944395371373684,-1.9755521158587934e-05,-0.0023873288838215006,15.999975586192585
1701944395372507306,-2.0614471564066956e-05,-0.002394694462955098,15.999974435462525
1701944395373787367,-2.1613142576356623e-05,-0.0024030031064219996,15.999973093812608
1701944395374995160,-2.2578728262895402e-05,-0.0024108350267265806,15.999971790799231
1701944395376157692,-2.3523089260119917e-05,-0.0024183673435574098,15.999970508172185
1701944395377412949,-2.4551307430007313e-05,-0.0024264965006944067,15.999969098631942
1701944395378725609,-2.56285010082161e-05,-0.002434994073086815,15.999967603684553
1701944395379771291,-2.6485482035860126e-05,-0.0024417637308714944,15.999966399726995
1701944395381279446,-2.772072200241338e-05,-0.0024515269869170753,15.999964643822937
1701944395382641163,-2.8840263407843865e-05,-0.0024603398602793592,15.999963036603951
1701944395384060326,-3.0020065967800938e-05,-0.002469524390119487,15.99996133451154
1701944395385747288,-3.144985682368966e-05,-0.0024804373354172815,15.999959270239227
1701944395387240553,-3.274717605268935e-05,-0.002490096855444122,15.999957402172308
1701944395388806122,-3.414251449198081e-05,-0.0025002193660787664,15.999955402688911
1701944395390895533,-3.60622861374835e-05,-0.002513725402386986,15.999952670351114
1701944395392747786,-3.781740101451159e-05,-0.002525692032833202,15.999950190585881
1701944395394099765,-3.912882737451728e-05,-0.002534420373529427,15.99994834873049
1701944395395433206,-4.044682939674086e-05,-0.002543023294058895,15.999946507401217
1701944395396713598,-4.173429690768746e-05,-0.00255127423205708,15.999944718279867
1701944395397771410,-4.281365924364224e-05,-0.002558083767937628,15.999943225418498
1701944395399063844,-4.41505729233257e-05,-0.0025663936728166003,15.999941384897438
1701944395400472594,-4.5629936962967485e-05,-0.0025754408096590317,15.999939359068135
1701944395401908429,-4.716116334115724e-05,-0.0025846518234817696,15.99993727393882
1701944395403386209,-4.8762286440887236e-05,-0.0025941252053813335,15.999935105298091
1701944395404703351,-5.021136550203312e-05,-0.00260256579728731,15.999933150826996
1701944395406009563,-5.1669009580782886e-05,-0.002610932836492576,15.999931190112516
1701944395407358498,-5.319633179625855e-05,-0.0026195675768789497,15.999929139603088
1701944395408641575,-5.467189557492936e-05,-0.0026277773043142257,15.99992716248984
1701944395410153932,-5.64417583920247e-05,-0.0026374445134742905,15.999924798281121
1701944395411478765,-5.802161134924773e-05,-0.002645905551041996,15.999922696751181
1701944395412716477,-5.9522951863183364e-05,-0.0026538027896435474,15.999920709265973
1701944395413784916,-6.083864173154674e-05,-0.002660617751153087,15.999918976480316
1701944395415252480,-6.267234565443582e-05,-0.0026699750254741716,15.999916577869516
1701944395416543095,-6.430833394008366e-05,-0.0026782058604077324,15.999914456179
1701944395417713621,-6.580897887057416e-05,-0.002685675038452174,15.999912527097356
1701944395419056572,-6.754759968292355e-05,-0.0026942486815615535,15.999910313487185
1701944395421303745,-7.049107007615451e-05,-0.0027086051525954014,15.999906613554783
1701944395423235087,-7.30504875735106e-05,-0.0027209559958725855,15.999903436236405
1701944395424563109,-7.482300218490282e-05,-0.0027294539193686153,15.999901250872025
1701944395425890402,-8.487936875166587e-12,-0.0006818785605521255,15.99999999998053
1701944395427161130,-1.4078004329505233e-08,-0.000648166234282526,15.999999991700484
1701944395428637870,-3.463191528319755e-08,-0.0006290105161120513,15.999999978979064
1701944395429756511,-5.6888144983808683e-08,-0.0006145056256921913,15.999999964993652
1701944395430783599,-8.364940089620494e-08,-0.0006011864777941791,15.999999949353672
1701944395432885930,-1.6134937964892745e-07,-0.0005739267065341529,15.999999912337739
1701944395434198103,-2.2622506206147693e-07,-0.0005569132984228497,15.999999886879513
1701944395435644277,-3.120121124264949e-07,-0.0005381631508934582,15.999999856957881
1701944395436936745,-4.0041656976581273e-07,-0.0005214064676334048,15.999999827622887
1701944395438126542,-4.906379332894095e-07,-0.000505981588793855,15.999999797189464
1701944395439471096,-6.017579353570789e-07,-0.0004885505062037753,15.99999975744107
1701944395440797120,-7.20028774186067e-07,-0.0004713585091899944,15.99999971166624
1701944395442102784,-8.442631381989274e-07,-0.00045443467599965635,15.999999659447772
1701944395443211072,-9.555307955961524e-07,-0.00044006926608816134,15.999999609005446
1701944395444633374,-1.105947391228047e-06,-0.00042163808734130336,15.999999535015336
1701944395445782261,-1.2339183962672071e-06,-0.0004067564754528699,15.999999466667331
1701944395447220328,-1.4037697601205713e-06,-0.00038812886837782723,15.999999368131734
1701944395448474434,-1.562709937512098e-06,-0.0003718894980789321,15.999999268550948
1701944395449827000,-1.74900503117391e-06,-0.00035438171339285886,15.99999914430715
1701944395452065902,-2.1013049682047223e-06,-0.0003254228751827657,15.999998892927618
1701944395453738467,-2.405783254100675e-06,-0.000303814594236355,15.999998663197877
1701944395455109554,-2.6854434329565972e-06,-0.00028611731320835363,15.999998444502534
1701944395456423098,-2.980824320627781e-06,-0.00026917876415024885,15.999998207445689
1701944395457653236,-3.2826891545367844e-06,-0.0002533225572952822,15.99999796088163
1701944395458901258,-3.6134373884819415e-06,-0.00023724310464933118,15.999997688122967
1701944395460121113,-3.959264495351407e-06,-0.00022152190202972305,15.999997402205883
1701944395461370040,-4.334009420184839e-06,-0.00020542307336423509,15.999997093763724
1701944395462442809,-4.6708569715051665e-06,-0.00019158552799279502,15.999996819367942
1701944395464325960,-5.290667775032873e-06,-0.00016728213846245086,15.999996324328686
1701944395465440521,-5.672956616269589e-06,-0.00015288676213786882,15.999996024662535
1701944395466978674,-6.215541461580361e-06,-0.0001330095518729996,15.999995602116462
1701944395468676925,-6.830716096975659e-06,-0.00011105295342428635,15.999995118927163
1701944395469794167,-7.242805008470191e-06,-9.66017318332127e-05,15.99999478823433
1701944395470986766,-7.687471518458553e-06,-8.117023133415712e-05,15.999994420442663
1701944395472072010,-8.095440165416515e-06,-6.712204702400417e-05,15.999994070555722
1701944395473372225,-8.587290800852776e-06,-5.02878284648494e-05,15.999993631517325
1701944395474850321,-9.149840357762652e-06,-3.1141931649033337e-05,15.99999310755761
1701944395476092803,-9.625266590543076e-06,-1.5046921840451929e-05,15.999992649849828
1701944395477475946,-1.0158412753539721e-05,2.8723268176336897e-06,15.99999212735033
1701944395478547682,-1.0575914767606007e-05,1.6758339985311342e-05,15.999991716906441
1701944395480210968,-1.123639173444297e-05,3.831422400346521e-05,15.999991077288502
1701944395482096277,-1.2008813647553213e-05,6.274916705402954e-05,15.999990353647245
1701944395483795251,-1.2730823122313895e-05,8.477804729812126e-05,15.99998970459251
1701944395485157251,-1.3329204619738544e-05,0.00010244513492192835,15.999989186340452
1701944395486840140,-1.409367903949909e-05,0.0001242829611337101,15.999988547176914
1701944395487974063,-1.4624417390268874e-05,0.0001390013431088184,15.999988116309277
1701944395489017761,-1.5123524496330366e-05,0.00015255043289530507,15.999987718740805
1701944395490793858,-1.5993450048352942e-05,0.00017562021353180257,15.99998703862048
1701944395492065057,-1.6628970977738528e-05,0.00019213499015958358,15.999986549394581
1701944395493236443,-1.7220666898475582e-05,0.00020736376410509524,15.99998609722431
1701944395494328099,-1.7773277390259824e-05,0.00022155745354955413,15.99998567566423
1701944395495695135,-1.8461587078017353e-05,0.0002393458578795858,15.999985148039913
1701944395496649103,-1.893656368982159e-05,0.0002517661019641999,15.999984780266045
1701944395498200146,-1.969402398611567e-05,0.00027197811292562846,15.999984182405788
1701944395499593585,-2.0355781272697274e-05,0.0002901493629091511,15.999983644984805
1701944395500777992,-2.0903146935169794e-05,0.0003056067845633248,15.999983187779762
1701944395502695883,-2.176040868926202e-05,0.0003306473918980047,15.999982449150602
1701944395504441417,-2.2512905767810636e-05,0.00035344798963780856,15.999981781961193
1701944395505751210,-2.306393748695329e-05,0.0003705545881611974,15.999981286989973
1701944395507000738,-2.3583379798817868e-05,0.0003868762245183787,15.999980820307698
1701944395508313903,-2.41270304752023e-05,0.00040402936691747175,15.999980335527354
1701944395509590594,-2.4656170489182253e-05,0.00042070696065814274,15.999979868680013
1701944395511096299,-2.5281990669403368e-05,0.00044037642401833523,15.999979321698133
1701944395512689102,-2.5944618070984652e-05,0.00046118755986517153,15.999978745039845
1701944395514233929,-2.6585019004391773e-05,0.00048136847338610145,15.999978186480085
1701944395515750863,-2.72103799872737e-05,0.0005011832287617091,15.99997763834817
1701944395517172633,-2.7794649469535056e-05,0.0005197445464294514,15.999977125512702
1701944395518618154,-2.8391412492279964e-05,0.0005386069677511821,15.999976605286395
1701944395520060436,-2.899543608877898e-05,0.0005574181313751276,15.999976087047028
1701944395521257260,-2.950682923245214e-05,0.0005730162585493359,15.999975656954808
1701944395522201520,-2.9918720584551308e-05,0.0005853227549059203,15.999975316674316
1701944395523734379,-3.060498353782892e-05,0.0006052937332854951,15.999974761331432
1701944395525001795,-3.11903415333547e-05,0.0006218064603879245,15.999974298686912
1701944395526187685,-3.175444568145312e-05,0.0006372585069319082,15.999973862596814
1701944395527565200,-3.2432237535253406e-05,0.0006552127388822818,15.999973351714518
1701944395528851422,-3.308917371490895e-05,0.0006719826783026433,15.999972870271604
1701944395530119113,-8.8470610232292e-12,-0.0020455103485959867,15.999999999989324
1701944395531320709,-4.699059229465873e-08,-0.0020778034790504573,15.999999992434162
1701944395532648039,-1.1073597046218692e-07,-0.0020951510513645306,15.999999982380992
1701944395533813567,-1.876727145073167e-07,-0.002110376114520982,15.999999970380602
1701944395535117519,-2.9445928225607965e-07,-0.0021274060995069136,15.99999995295476
1701944395536236039,-4.0131672306743655e-07,-0.0021420048408192756,15.999999933416417
1701944395537528090,-5.397013679633563e-07,-0.002158865492528953,15.999999902893286
1701944395538811361,-6.908028812443858e-07,-0.0021756149843600863,15.999999861293604
1701944395539951304,-8.34590489415599e-07,-0.0021904961768520626,15.999999813000434
1701944395541253436,-1.007506550783853e-06,-0.002207502936419596,15.99999974382017
1701944395542506535,-1.180541947270082e-06,-0.0022238808383073295,15.999999664020454
1701944395544192172,-1.4201893045146715e-06,-0.002245922576187544,15.999999540653329
1701944395545944437,-1.6749978063165751e-06,-0.002268845052517365,15.999999398920188
1701944395547738417,-1.9401482365411367e-06,-0.0022923116634721817,15.999999245731692
1701944395548892351,-2.1132309252817526e-06,-0.0023074055367793404,15.999999144827564
1701944395550157574,-2.307124321276013e-06,-0.002323953229720969,15.999999032643004
1701944395551865969,-2.5801692073385282e-06,-0.002346294468605512,15.999998876360127
1701944395553281088,-2.818528622290209e-06,-0.0023647974794188927,15.999998739372433
1701944395554341716,-3.0046939125790276e-06,-0.0023786691240940514,15.999998629331621
1701944395555735995,-3.256929136377595e-06,-0.0023969062547711745,15.99999847074793
1701944395556989731,-3.4887756946397492e-06,-0.0024133072745311096,15.999998312317375
1701944395558207338,-3.71768693248155e-06,-0.0024292404473781745,15.999998143501792
1701944395559538054,-3.974408060963494e-06,-0.0024466581604962664,15.999997943713447
1701944395560724007,-4.213050595205594e-06,-0.002462180031203138,15.99999775432736
1701944395562042426,-4.49503759497577e-06,-0.00247943759228902,15.999997533489097
1701944395563390224,-4.805004030119258e-06,-0.0024970797899403255,15.999997298189975
1701944395564793939,-5.150276375577409e-06,-0.0025154543032724773,15.999997044490607
1701944395566032909,-5.469087595212487e-06,-0.0025316785002212397,15.999996814591823
1701944395567293823,-5.798588610820043e-06,-0.002548194915467479,15.999996576154143
1701944395568643581,-6.147395674578831e-06,-0.002565879857275292,15.999996316305685
1701944395569853994,-6.451218603875899e-06,-0.0025817462440686527,15.999996078338269
1701944395571154707,-6.766013558014934e-06,-0.00259879868929459,15.999995815465383
1701944395572361682,-7.049231847182815e-06,-0.0026146286618817733,15.999995563094943
1701944395573955830,-7.417591127874614e-06,-0.0026355355740696348,15.999995216210396
1701944395575587291,-7.797671089472413e-06,-0.0026569352150187745,15.99999484609465
1701944395577143018,-8.17250953270271e-06,-0.002677341561510295,15.999994481139003
1701944395578358835,-8.479098809861261e-06,-0.0026932921371136905,15.999994189154792
1701944395579871617,-8.88173122067452e-06,-0.0027131377663284274,15.999993819207402
1701944395581145851,-9.240047458141966e-06,-0.002729853488835419,15.999993502799835
1701944395582241363,-9.561571927778175e-06,-0.0027442264630676894,15.999993228039074
1701944395583681124,-1.000028821117007e-05,-0.0027631141706005026,15.999992864462058
1701944395585049937,-1.0430893555710603e-05,-0.002781064960963894,15.999992516897443
1701944395586973081,-4.443704324118476e-12,-0.0023864512610033625,15.999999999998522
1701944395588408177,-2.2385028862312205e-08,-0.0024065612731415903,15.999999991223742
1701944395589782353,-4.385093532060284e-08,-0.002414770546664326,15.999999981415051
1701944395591002425,-6.934733488814132e-08,-0.002422050800646998,15.999999967411354
1701944395592281885,-1.0664822678857975e-07,-0.0024296746849487207,15.999999945886305
1701944395593204390,-1.4359872726720076e-07,-0.002435168787640568,15.999999925630464
1701944395594713580,-2.29164010088721e-07,-0.0024441514059085198,15.999999883655297
1701944395595924674,-3.220691393749672e-07,-0.0024513568215038155,15.999999841972334
1701944395597304775,-4.5273758518441505e-07,-0.002459567683779658,15.999999786095653
1701944395598935189,-6.354002221899505e-07,-0.0024692619889866195,15.999999710216994
1701944395600192772,-7.931154775363613e-07,-0.0024767349994604987,15.999999646089503
1701944395601473763,-9.656351908525828e-07,-0.0024843394803423856,15.999999577723973
1701944395603342476,-1.2380664442830639e-06,-0.00249541627310211,15.99999947455426
1701944395604782913,-1.4679061674843326e-06,-0.0025039401658848073,15.99999939197583
1701944395606714997,-1.8147289615796574e-06,-0.0025153607747172573,15.999999273438794
1701944395608835307,-2.2618211837304583e-06,-0.002527882572259539,15.999999126793712
1701944395609979179,-2.5376418317796225e-06,-0.002534637263563779,15.999999037866841
1701944395611437011,-2.930266485713486e-06,-0.0025432499675779514,15.999998911312682
1701944395612841757,-3.3536347805516034e-06,-0.0025515558341953487,15.999998773934157
1701944395614209097,-3.8065280359065786e-06,-0.0025596487515524274,15.999998625589338
1701944395615615054,-4.309914250246947e-06,-0.002567978651263575,15.999998459111797
1701944395617073823,-4.86708509988264e-06,-0.0025766277908815115,15.999998273123932
1701944395618655639,-5.506537302515199e-06,-0.00258601212713848,15.99999805807744
1701944395620251107,-6.187053309893258e-06,-0.0025954768129103777,15.99999782916853
1701944395621724332,-6.849413646449805e-06,-0.0026042120663203193,15.999997609209363
1701944395623522592,-7.708614974450888e-06,-0.0026148672241427355,15.999997333094239
1701944395624645074,-8.27596232636874e-06,-0.002621515464562355,15.99999715823938
1701944395625945054,-8.965207975266986e-06,-0.0026292152476170504,15.999996955958835
1701944395627486278,-9.82808155353548e-06,-0.0026383448934020584,15.999996719751584
1701944395628652407,-1.0514144476066623e-05,-0.0026452554466760416,15.999996545320972
1701944395629778811,-1.120371960852917e-05,-0.0026519330738429513,15.999996381486747
1701944395631089810,-1.2038470070372932e-05,-0.0026597043540864886,15.999996197513191
1701944395632548484,-1.3006033526051927e-05,-0.00266834699597795,15.999996001937317
1701944395634220647,-1.4161961492897152e-05,-0.002678247017050429,15.999995789318874
1701944395635783916,-1.5284071037059364e-05,-0.002687497150233025,15.999995599829212
1701944395637794049,-1.6778730013999853e-05,-0.002699387831951359,15.999995363022421
1701944395640018544,-1.84930345714273e-05,-0.002712552511347542,15.999995099307917
1701944395641375680,-1.9567207903611035e-05,-0.002720593806526312,15.999994932201709
1701944395642940489,-2.082925796968452e-05,-0.0027298783858160287,15.999994727649435
1701944395644119360,-2.179555163415348e-05,-0.002736885473499184,15.999994562833942
1701944395645279336,-2.2758376280007103e-05,-0.0027437940121802524,15.999994390615484
1701944395646468984,-2.3756243199403152e-05,-0.002750888643955517,15.999994204175911
1701944395647743891,-2.4836534867893168e-05,-0.0027585032214560825,15.999993995152098
1701944395649055872,-2.5958897327754955e-05,-0.002766342983666223,15.999993773301433
1701944395650309385,-2.704174224615561e-05,-0.0027738306082308864,15.999993558339868
1701944395651724042,-2.827865124242817e-05,-0.0027822743945928527,15.999993316131949
1701944395652981810,-2.9393857735652684e-05,-0.00278977046438499,15.999993103691917
1701944395654218054,-3.0507598906825095e-05,-0.002797129223198034,15.9999928988779
1701944395655558450,-3.173854642004299e-05,-0.0028050999396239482,15.999992681400288
1701944395656954802,-3.3050170447428074e-05,-0.002813398776683426,15.999992458766188
1701944395658159510,-3.420759442900447e-05,-0.0028205576838068423,15.99999226817915
1701944395659235337,-3.526203116611214e-05,-0.0028269517375142587,15.99999209708073
1701944395660554112,-3.6581501668874595e-05,-0.0028347946585980683,15.999991882709361
1701944395661902940,-3.796009141087326e-05,-0.0028428183834299614,15.99999165518186
1701944395663297221,-3.941501510729862e-05,-0.0028511156472309333,15.999991409093345
1701944395664802371,-4.101833185371207e-05,-0.0028600745672707675,15.999991130833983
1701944395666901484,-4.330911232392736e-05,-0.002872572997707219,15.999990723812102
1701944395668316023,-4.4887003715935775e-05,-0.002880997143589962,15.999990439357626
1701944395671194293,-4.817362889175974e-05,-0.0028981443135593318,15.999989844241714
1701944395672394799,8.670780700424999e-13,-0.00340920642183556,15.999999999997701
1701944395673723619,-3.328151816125774e-08,-0.003439490893814207,15.999999995972136
1701944395675312677,-8.674766754343766e-08,-0.0034585154836966688,15.999999990537816
1701944395676665498,-1.5016414658950393e-07,-0.0034747078503341074,15.999999986010696
1701944395677928645,-2.2381917340374066e-07,-0.0034898227027741614,15.99999998294486
1701944395679296931,-3.199924694788413e-07,-0.0035061903468071288,15.999999981751332
1701944395680434923,-4.139519341924442e-07,-0.00351979951676808,15.99999998322023
1701944395681992899,-5.654470960242354e-07,-0.003538431218141402,15.99999999137828
1701944395683191313,-7.014220547609781e-07,-0.0035527627883135374,16.000000004850765
1701944395684442072,-8.633463198362386e-07,-0.0035677280585236153,16.00000002886998
1701944395685760017,-1.0586912764874122e-06,-0.0035835090384005288,16.000000068147184
1701944395687088349,-1.2847317741804079e-06,-0.0035994271281952974,16.00000012412691
1701944395688384003,-1.5370728105745148e-06,-0.0036149704940153,16.000000195184736
1701944395689798178,-1.850999866811941e-06,-0.003631944736860457,16.000000290449513
1701944395691145610,-2.187359385364342e-06,-0.00364812798964881,16.00000039640707
1701944395692283800,-2.497441388821845e-06,-0.0036617999693540843,16.00000049509777
1701944395693696253,-2.909950619902502e-06,-0.0036787672312737717,16.000000625132877
1701944395694847348,-3.2652212597448522e-06,-0.003692597866143595,16.000000734390962
1701944395696145776,-3.6831195915632176e-06,-0.0037082041181636656,16.000000857653262
1701944395697975021,-4.300617669597286e-06,-0.003730202137822771,16.000001026759737
1701944395699336303,-4.7827325780105364e-06,-0.0037465843758800444,16.00000114778545
1701944395701148288,-5.457252329786513e-06,-0.0037683979580702006,16.00000130284053
1701944395703309016,-6.3135601852352e-06,-0.00379441330812687,16.000001482132436
1701944395705054856,-7.046933816025842e-06,-0.003815423658532742,16.000001625798113
1701944395706691556,-7.766690925724325e-06,-0.0038351080304184935,16.000001762299476
1701944395708000557,-8.363015171210511e-06,-0.0038508384159009167,16.000001873776746
1701944395709249234,-8.947121872113354e-06,-0.0038658276623141545,16.000001982012726
1701944395710370681,-9.483526696878115e-06,-0.0038792804986912803,16.000002080141165
1701944395711912265,-1.0237731546317701e-05,-0.003897756046695511,16.000002214201658
1701944395713182064,-1.0873018670040976e-05,-0.003912967821412689,16.000002321936467
1701944395714300948,-1.144192975602801e-05,-0.003926367195419754,16.000002412969707
1701944395716011798,-1.2323325694912851e-05,-0.003946848728843825,16.000002542323543
1701944395717512680,-1.3102531652727597e-05,-0.0039648065539124545,16.000002645635465
1701944395718909878,-1.3826890854081727e-05,-0.003981515559897175,16.000002734950492
1701944395720243396,-1.451147226037319e-05,-0.003997449166597904,16.00000281712403
1701944395721577676,-1.518482856162677e-05,-0.004013381247180686,16.000002900054437
1701944395722950442,-1.5861360266315752e-05,-0.004029767955771566,16.00000298941525
1701944395724256501,-1.6487240818206952e-05,-0.004045356165764068,16.000003080003417
1701944395725619642,-1.7121235660870576e-05,-0.0040616265293321255,16.000003180669687
1701944395727071323,-1.7775763031862166e-05,-0.004078959253149763,16.000003293486145
1701944395728745922,-1.850634021678834e-05,-0.004098956817506952,16.000003427696036
1701944395730387681,-1.919944467589793e-05,-0.004118562689197816,16.00000356016285
1701944395732155769,-1.992304737348364e-05,-0.004139677804372038,16.000003700599034
1701944395733386890,-2.041423312137022e-05,-0.004154381954456743,16.00000379575107
1701944395734942097,-2.1021161547856087e-05,-0.004172960437012129,16.000003910741285
1701944395736342824,-2.1555139191273524e-05,-0.004189700821466215,16.00000400629416
1701944395737636386,-2.2036827229610713e-05,-0.0042051667469369435,16.000004082880288
1701944395739041237,-2.2545339044415286e-05,-0.004221973435506522,16.000004145877398
1701944395740434520,-2.3030726538726267e-05,-0.0042386382978716825,16.000004180768798
1701944395741826940,-2.3492896881792898e-05,-0.004255289245574618,16.00000418467298
1701944395743163355,-2.3911732079114057e-05,-0.004271251389349532,16.000004161027032
1701944395744461820,-2.4295356105683214e-05,-0.004286740585046465,16.000004119175912
1701944395745705375,-2.4644380799636154e-05,-0.004301556406341435,16.00000407205476
1701944395746981761,-2.4990636252661332e-05,-0.004316748111341262,16.000004029974487
1701944395748579439,-2.5420469306331858e-05,-0.004335747961374285,16.00000400602306
1701944395749929325,-2.5791721985358882e-05,-0.004351797590563051,16.000004022340395
1701944395751229487,-2.6166748692666274e-05,-0.004367258624950167,16.000004076171948
1701944395752566503,-2.657915694311541e-05,-0.00438316971628755,16.00000417048876
1701944395753795676,-2.6987736236757694e-05,-0.004397809153781915,16.000004286891915
1701944395755097487,-2.7454859081745146e-05,-0.004413330748803197,16.000004431919468
1701944395756321181,-2.7926600861214116e-05,-0.004427936421781308,16.000004580252522
1701944395757587541,-2.8444806313392242e-05,-0.004443058468319004,16.00000473935158
1701944395759259291,-2.9164517925555854e-05,-0.004463030316580498,16.000004953393283
1701944395761355728,-3.0099723378999494e-05,-0.0044880719595780105,16.00000522806353
1701944395763057405,-3.086548941495886e-05,-0.00450838930710983,16.00000545814252
1701944395764468604,-3.149054488099017e-05,-0.004525224360775801,16.00000565492861
1701944395765738839,-3.203699518118344e-05,-0.0045403633920454425,16.000005836185665
1701944395767051895,-3.258211769930202e-05,-0.004556003673672387,16.000006025499577
1701944395768676982,-3.323087426487351e-05,-0.004575339388089176,16.000006257554094
1701944395770028536,-2.132389004142008e-11,-0.0030682694321262772,15.999999999999265
1701944395771731943,2.2613596938202925e-08,-0.0030575633411248047,15.999999982126717
1701944395772980615,3.9636357516185646e-08,-0.003053163421124841,15.999999963694735
1701944395774190173,4.7782285669037886e-08,-0.0030488881517082107,15.999999938947562
1701944395775564762,3.368679496700136e-08,-0.003044013698074741,15.99999990561868
1701944395776708494,-5.1788817048267245e-09,-0.0030399458537815308,15.999999878679814
1701944395778049907,-8.956224569281803e-08,-0.003035167351124742,15.999999857942882
1701944395779392980,-2.1862685940781593e-07,-0.003030377856818524,15.999999859319724
1701944395780774787,-3.9627360407997334e-07,-0.003025448926898454,15.99999989371061
1701944395782187242,-6.19028964418717e-07,-0.0030204138690626864,15.999999969625025
1701944395783962707,-9.44542047940932e-07,-0.0030140913488458324,16.000000123717868
1701944395785236882,-1.2000671483950316e-06,-0.0030095594446090277,16.00000026952048
1701944395786259892,-1.411356212394486e-06,-0.0030059228909724706,16.000000401494397
1701944395787755172,-1.7180965776152096e-06,-0.0030006077930928555,16.000000605182265
1701944395788992949,-1.9637954942449248e-06,-0.0029962057035145084,16.000000776381597
1701944395790035909,-2.161878954507998e-06,-0.002992490497134899,16.000000919318072
1701944395791987679,-2.5092156428241514e-06,-0.002985519886195048,16.000001184475487
1701944395793746335,-2.8016188459511325e-06,-0.0029792156399511636,16.000001427442786
1701944395795272274,-3.0488751628350703e-06,-0.0029737277199229336,16.000001649592196
1701944395796548959,-3.259740408262594e-06,-0.002969127718845732,16.000001848785303
1701944395797867209,-3.490736992041257e-06,-0.0029643703354742257,16.000002070387865
1701944395799262072,-3.758851248526519e-06,-0.002959333865078226,16.00000232261804
1701944395800465054,-4.0158246457422e-06,-0.0029549882396873893,16.000002553444606
1701944395801874209,-4.353030619113747e-06,-0.002949898393079873,16.00000283644946
1701944395803458556,-4.7821639885670385e-06,-0.002944176010714936,16.0000031674277
1701944395804650734,-5.139585690321434e-06,-0.00293986965345284,16.000003423547327
1701944395805825004,-5.517476745508039e-06,-0.002935628676364202,16.00000368037059
1701944395807231521,-5.9970324037579906e-06,-0.0029305485033524884,16.00000399349134
1701944395808586598,-6.478504253634377e-06,-0.002925652845775917,16.000004301490833
1701944395809871581,-6.943771974134101e-06,-0.0029210097365859593,16.000004600257146
1701944395811024407,-7.361298883180934e-06,-0.0029168438337815886,16.0000048742766
1701944395812373516,-7.842713597435812e-06,-0.002911966817932365,16.000005201757872
1701944395813694620,-8.302685929585014e-06,-0.002907186627356233,16.000005528380687
1701944395815009670,-8.748721444244517e-06,-0.0029024257181764685,16.000005857525736
1701944395816451015,-9.229150167349493e-06,-0.0028972010677101806,16.00000622195173
1701944395817499093,-9.578013570802258e-06,-0.0028933983481003994,16.000006489624333
1701944395818836461,-1.0032233632387093e-05,-0.0028885409915227218,16.000006836744156
1701944395820275973,-1.0541273170416054e-05,-0.00288330533529492,16.000007220718036
1701944395821890159,-1.114349569086827e-05,-0.0028774274358880727,16.00000766740995
1701944395823868291,-1.1928545766916952e-05,-0.002870215624868308,16.00000823931392
1701944395825496762,-1.260989547163046e-05,-0.002864274629846209,16.000008727580244
1701944395826858733,-1.319876934247181e-05,-0.00285930353616878,16.000009143625274
1701944395828102348,-1.3746439711127437e-05,-0.00285476327766475,16.000009524955974
1701944395829265493,-1.4263867736548039e-05,-0.00285051367043406,16.000009879477226
1701944395830348445,-1.4748489162196409e-05,-0.002846553996586811,16.000010205901376
1701944395831919355,-1.5456841468867596e-05,-0.0028408026814567824,16.000010673138622
1701944395833243192,-1.606020771360748e-05,-0.0028359509408089345,16.000011062900942
1701944395834498314,-1.6640009401248616e-05,-0.0028313476265702507,16.000011432357685
1701944395835860951,-1.728025285875058e-05,-0.002826351832673743,16.000011837369502
1701944395837187472,-1.7916679827366865e-05,-0.0028214922297831522,16.000012239201997
1701944395838342060,-1.8482384430463466e-05,-0.0028172683932180657,16.000012597076534
1701944395839667132,-1.914596555177615e-05,-0.002812427046883668,16.000013019128367
1701944395840996033,-1.9826225048965418e-05,-0.002807580012523743,16.000013455884673
1701944395842240399,-2.0475601456965497e-05,-0.00280304974991158,16.000013878160594
1701944395843426492,-2.1105135063549848e-05,-0.0027987388836076947,16.00001429327158
1701944395844557432,-2.1715178352086936e-05,-0.0027946346745990436,16.000014700270214
1701944395845955634,-2.2484296825088024e-05,-0.002789568271822684,16.00001521654465
1701944395847450582,-2.3328476917945857e-05,-0.0027841565211083144,16.00001578137611
1701944395848776014,-2.4098738558408867e-05,-0.0027793605567209595,16.000016290314306
1701944395849950667,-2.4799384560636076e-05,-0.002775113390289593,16.00001674576402
1701944395851478486,-2.5735368004369606e-05,-0.002769590374496796,16.000017344082554
1701944395853089874,-2.6747961958400204e-05,-0.002763769161008499,16.000017983458257
1701944395854991290,-2.7969160278319343e-05,-0.002756899571900696,16.000018752319694
1701944395857033643,-1.3238113879296236e-12,-0.0017045745141033937,16.00000000000265
1701944395858300862,-3.115403424113643e-08,-0.0016526893841982012,16.0000000271385
1701944395859578547,-6.011608515030404e-08,-0.001632654023615154,16.000000051676707
1701944395860612556,-9.161180903778952e-08,-0.0016164372779398752,16.000000076290736
1701944395861836406,-1.4083597488149585e-07,-0.0015972429084624956,16.000000109551184
1701944395863329655,-2.217572917381538e-07,-0.0015738235748326975,16.000000154901347
1701944395864777578,-3.241318334406359e-07,-0.0015511170041127603,16.000000203286646
1701944395866078278,-4.3672226849570796e-07,-0.0015307196608005497,16.00000025008632
1701944395867607977,-5.932728721069081e-07,-0.0015067352739196434,16.000000308009902
1701944395868803774,-7.326029451361218e-07,-0.0014879887885634526,16.000000354147765
1701944395870159708,-9.067483869942608e-07,-0.0014667305937554067,16.00000040534209
1701944395871446900,-1.0868267664541098e-06,-0.0014465500019759429,16.000000451489893
1701944395872837230,-1.29727662735608e-06,-0.0014247539816503285,16.00000049812295
1701944395874064272,-1.4972063217299459e-06,-0.0014055255841842642,16.000000536978607
1701944395875415877,-1.7333959017169143e-06,-0.0013843467562087272,16.000000578729132
1701944395876467960,-1.9286141650725468e-06,-0.0013678614572517976,16.000000611649096
1701944395878061764,-2.2415199318838256e-06,-0.0013428859695248862,16.000000664756143
1701944395879312365,-2.4998928923226522e-06,-0.0013232851101516005,16.000000710441938
1701944395880361136,-2.7238060423441653e-06,-0.0013068405217407557,16.000000752295495
1701944395881939065,-3.0706174998360553e-06,-0.001282086839846128,16.000000822431467
1701944395883624668,-3.4528266531028673e-06,-0.001255638182022173,16.00000090772247
1701944395885413022,-3.872353809740848e-06,-0.0012275641076637128,16.000001011138522
1701944395887164724,-4.30049882794961e-06,-0.0012000597819264314,16.00000112665298
1701944395888348894,-4.60224803222274e-06,-0.0011814728264344647,16.000001213250783
1701944395889694531,-4.960969783953899e-06,-0.001160350933311995,16.000001320402507
1701944395891329627,-5.422101512839564e-06,-0.001134688046823984,16.00000146373507
1701944395892585708,-5.794992088517636e-06,-0.0011149707939014514,16.00000158453264
1701944395893787517,-6.164930912398206e-06,-0.0010961045457316796,16.000001709950407
1701944395894987844,-6.544548057678288e-06,-0.0010772616289116553,16.000001845465558
1701944395896228650,-6.945282087884263e-06,-0.0010577795615484462,16.000001995921416
1701944395897467098,-7.352890350886404e-06,-0.0010383289308853734,16.000002154973927
1701944395898860390,-7.82170586177499e-06,-0.0010164461968743168,16.000002341290283
1701944395899911705,-8.184040224272228e-06,-0.0009999352057985752,16.000002484804806
1701944395901677193,-8.812211223385922e-06,-0.0009722007964873707,16.00000272610477
1701944395903630801,-9.536972798961947e-06,-0.000941505448872067,16.000002988915462
1701944395905228659,-1.0152522926843509e-05,-0.0009163957265828697,16.000003198670132
1701944395906273108,-1.0565525829192583e-05,-0.0008999812268537248,16.000003333627884
1701944395907802318,-1.1184895964539117e-05,-0.0008759510672540327,16.000003531740184
1701944395909046011,-1.170157973300912e-05,-0.000856411828066156,16.00000369638511
1701944395910136342,-1.2164442062563937e-05,-0.0008392837675680852,16.00000384567534
1701944395911544132,-1.2776363548915264e-05,-0.000817169250428258,16.00000404693094
1701944395912910419,-1.3386400135764266e-05,-0.0007957064870691124,16.000004251300613
1701944395914436475,-1.4087860585226752e-05,-0.0007717301917810717,16.00000448893692
1701944395915792378,-1.4729764172831898e-05,-0.0007504212039161762,16.00000470743776
1701944395918027201,-1.582655504344111e-05,-0.0007152807363832427,16.000005081633365
1701944395920100595,-1.6885673853836946e-05,-0.0006826494524294816,16.000005444746144
1701944395921564947,-1.7655316200168845e-05,-0.0006595889330006804,16.000005710979465
1701944395922897745,-1.8368754196802393e-05,-0.0006385895384072376,16.000005960986257
1701944395924212344,-1.908242733844999e-05,-0.0006178655970396718,16.00000621529576
1701944395925497955,-1.978876585823812e-05,-0.0005975917280577333,16.000006471484944
1701944395926850608,-2.0541182491575276e-05,-0.0005762540911091139,16.00000674844748
1701944395928184576,-2.1293839954108973e-05,-0.0005552042793819493,16.00000702779934
1701944395929521065,-1.9471502555668593e-12,-0.0010228152341505029,15.999999999998977
1701944395930634974,-2.1569819061746342e-08,-0.0009997599526518834,16.00000000640574
1701944395932354822,-6.300414117762556e-08,-0.0009835673677483856,16.000000017649974
1701944395933669468,-1.0970579656014427e-07,-0.0009711833904175138,16.000000029173474
1701944395934952531,-1.6763441082233493e-07,-0.0009590911582039778,16.00000004300453
1701944395936482460,-2.525772454143818e-07,-0.000944662008531673,16.000000063743304
1701944395937890750,-3.467230288042859e-07,-0.0009313721941077322,16.000000087645123
1701944395939131831,-4.4362666781823043e-07,-0.0009196571093165623,16.000000112787713
1701944395940569088,-5.742226147750417e-07,-0.0009060839479817063,16.0000001466305
1701944395941852695,-7.089985373465015e-07,-0.0008939613865633655,16.000000181145264
1701944395943238691,-8.752608927685415e-07,-0.0008808726332822953,16.000000223414297
1701944395944783821,-1.0875303329078517e-06,-0.0008662794939680678,16.000000277600908
1701944395946454628,-1.3501004360467667e-06,-0.0008504999542053725,16.00000034504054
1701944395948059958,-1.6348011175422257e-06,-0.0008353307369308274,16.000000417351895
1701944395949508892,-1.9176141184251752e-06,-0.0008216355173241488,16.00000048639577
1701944395950809568,-2.1904391584552673e-06,-0.0008093356782337031,16.000000548789462
1701944395952370618,-2.5390494864566803e-06,-0.0007945619494123808,16.00000062126644
1701944395953731473,-2.860891590780512e-06,-0.0007816743937909131,16.000000681163744
1701944395954964310,-3.1673296181486105e-06,-0.0007699917016572162,16.00000073290034
1701944395956234427,-3.498744894416674e-06,-0.0007579489421972599,16.00000078482632
1701944395957405855,-3.818730401980217e-06,-0.0007468354219102071,16.000000832856927
1701944395958790800,-4.213439087176399e-06,-0.0007336876441879691,16.00000089145257
1701944395960064259,-4.589895466346297e-06,-0.0007215932996458445,16.00000094776479
1701944395961267646,-4.955621272404439e-06,-0.0007101588895907709,16.000001003072764
1701944395962334915,-5.2870676510324975e-06,-0.0007000184787142427,16.00000105331689
1701944395963800420,-5.753834310568608e-06,-0.0006860914971618553,16.000001123113133
1701944395965251697,-6.231721963682804e-06,-0.0006723004703369023,16.000001192494263
1701944395966355129,-6.607690713824017e-06,-0.0006618155887701401,16.000001245366906
1701944395967834746,-7.132181025298427e-06,-0.0006477574068657512,16.00000131708672
1701944395969293543,-7.67389240103487e-06,-0.0006338993008699239,16.00000138977885
1701944395970344250,-8.079485309596046e-06,-0.0006239210059826927,16.000001444084454
1701944395971827972,-8.673293408796926e-06,-0.0006098351687383228,16.000001525022125
1701944395973114138,-9.20656276597459e-06,-0.0005976269041136914,16.000001600686883
1701944395974251775,-9.690737788000612e-06,-0.0005868316995308549,16.000001673643407
1701944395975671406,-1.0309098064505452e-05,-0.0005733577789886151,16.00000177560133
1701944395977588162,-1.116595460325564e-05,-0.0005551545131676947,16.000001936336936
1701944395979097108,-1.1856937794160337e-05,-0.0005408155123399253,16.000002082299996
1701944395980634063,-1.2575162681953199e-05,-0.0005262015480459604,16.000002246727465
1701944395981825057,-1.3141758015434494e-05,-0.0005148684252569785,16.000002382646482
1701944395983272986,-1.3841586962235245e-05,-0.0005010865574872311,16.00000255373622
1701944395984967431,-1.4674703643594765e-05,-0.0004849540393986591,16.000002757737132
1701944395986611630,-1.549692586814233e-05,-0.0004692996459548177,16.000002956493493
1701944395987929570,-1.616668735009928e-05,-0.000456751373927077,16.000003115070474
1701944395989157900,-1.6801555795140323e-05,-0.0004450569205309124,16.00000326149848
1701944395990056793,-1.7274209563901454e-05,-0.000436499182269502,16.000003367341638
1701944395991582275,-1.8095409827225005e-05,-0.0004219726620306071,16.000003542917515
1701944395992799421,-1.876878591732063e-05,-0.0004103831631280589,16.00000367840954
1701944395993960594,-1.942671170933148e-05,-0.00039932793147230515,16.000003803406216
1701944395995273389,-2.018883630889061e-05,-0.00038683188315880447,16.00000394036345
1701944395996486309,-2.0910130778320845e-05,-0.0003752890040340947,16.000004064467458
1701944395997633363,-2.160673596255898e-05,-0.00036437944897522686,16.000004181786124
1701944395999143404,-2.254387778611551e-05,-0.0003500253391186121,16.000004338791545
1701944396000358892,-2.3313599986788038e-05,-0.000338474331434175,16.000004467142066
1701944396001566373,-2.4090533704315264e-05,-0.0003269986659825312,16.000004593477122
1701944396002823218,-2.4911164040911557e-05,-0.0003150535451111384,16.000004718316514
1701944396003981248,-2.56784100650177e-05,-0.0003040395544240756,16.000004822220113
1701944396005125261,-3.0946822625929193e-12,-0.0017045722964222484,16.000000000003276
1701944396006692355,-3.1237748123891265e-08,-0.0017290018879032472,15.999999956458074
1701944396008360067,-8.225976111564374e-08,-0.0017440142864418807,15.999999887308006
1701944396009803878,-1.474175211571885e-07,-0.0017570004284393874,15.999999805898158
1701944396011219793,-2.316355132354591e-07,-0.001769730088204931,15.99999971582469
1701944396012546752,-3.3021425614531504e-07,-0.001781653441104868,15.999999632362245
1701944396013816649,-4.4366318418050367e-07,-0.001793057529947463,15.999999561838365
1701944396015099237,-5.784772313561125e-07,-0.0018045752500647565,15.999999504654282
1701944396016332912,-7.282088295624917e-07,-0.0018156551670188816,15.999999462553578
1701944396017607426,-9.039838259173074e-07,-0.0018271136388604964,15.999999427148214
1701944396019618485,-1.223778280436228e-06,-0.0018452284265207768,15.999999370725002
1701944396020875161,-1.4490221968632304e-06,-0.001856574148497833,15.999999328104352
1701944396022265048,-1.7194540826414713e-06,-0.0018691445875032426,15.999999268555007
1701944396023593785,-1.9979401622836978e-06,-0.0018811847654899502,15.999999198799232
1701944396025016991,-2.3162097409571363e-06,-0.0018940927082243902,15.99999911349474
1701944396026421840,-2.6483570078863564e-06,-0.0019068421028103722,15.999999023807602
1701944396027580176,-2.9330235550734425e-06,-0.0019173585549210157,15.999998949589676
1701944396029010200,-3.2927890774266045e-06,-0.001930340980620596,15.999998861255715
1701944396030233828,-3.6045357810882452e-06,-0.001941449950732522,15.999998789089675
1701944396031733962,-3.988862392758682e-06,-0.00195507175993568,15.999998702640168
1701944396033104965,-4.342728203730361e-06,-0.0019675205509523614,15.999998621663593
1701944396034365907,-4.673442761871167e-06,-0.001978967923137536,15.99999854070197
1701944396035725768,-5.041122882295048e-06,-0.001991303738442101,15.999998440643822
1701944396037285249,-5.485173845788778e-06,-0.0020054291675175194,15.999998303672783
1701944396039246823,-6.0917339054051605e-06,-0.002023155609361332,15.999998092758833
1701944396041145002,-6.743142628788086e-06,-0.00204026652787486,15.999997847581763
1701944396042533772,-7.266704373806526e-06,-0.002052760088834977,15.999997645130383
1701944396043713380,-7.745350457494084e-06,-0.0020633588605378957,15.99999746122404
1701944396044980370,-8.29418122376551e-06,-0.0020747379044306364,15.999997255842372
1701944396046216020,-8.861772241099448e-06,-0.002085834640089908,15.999997052058706
1701944396047637675,-9.549786225275464e-06,-0.0020986014380212736,15.999996818835072
1701944396049080390,-1.0281481496481888e-05,-0.0021115557133896882,15.999996588126189
1701944396050414627,-1.0984022796938684e-05,-0.00212353221918263,15.999996382708204
1701944396051638943,-1.1646917376405074e-05,-0.002134516240192406,15.99999620123818
1701944396053190913,-1.25071111264595e-05,-0.002148431479087937,15.999995977898447
1701944396054536483,-1.3267434334391818e-05,-0.0021604882784264532,15.999995786020978
1701944396055898288,-1.4048179857438445e-05,-0.0021726866965187403,15.999995587700658
1701944396057234915,-1.4825060143162282e-05,-0.00218466883484449,15.999995383832971
1701944396058424634,-1.5525136768818243e-05,-0.0021953432840598895,15.9999951918228
1701944396059710872,-1.6291298623839402e-05,-0.002206900214800311,15.999994971433303
1701944396061282382,-1.7239882684012134e-05,-0.0022210437026329013,15.999994684130769
1701944396062350828,-1.7892438359108406e-05,-0.002230673697387877,15.99999447840214
1701944396063906900,-1.8854565912168468e-05,-0.002244715999815753,15.999994167736459
1701944396065156404,-1.9638460639472486e-05,-0.0022560003709744475,15.999993912415583
1701944396066690155,-2.0617814420180566e-05,-0.0022698551804112696,15.999993597789745
1701944396068103091,-2.1539619344550714e-05,-0.0022826179697080606,15.999993310064925
1701944396070369869,-2.3063039679208953e-05,-0.0023030915856794873,15.999992853130326
1701944396072706710,-2.4693416612515938e-05,-0.0023241926229404224,15.99999238011911
1701944396074322553,-2.585753350936549e-05,-0.002338782402861453,15.999992044016045
1701944396075763872,-2.6922925416850227e-05,-0.002351798015969198,15.999991730809846
1701944396076990407,-2.7851153322842952e-05,-0.0023628706156612624,15.999991450240676
1701944396078204692,-2.879223428602812e-05,-0.0023738313500667415,15.99999115701206
1701944396079510652,-2.983126100545573e-05,-0.002385618284565663,15.99999082323446
1701944396080937957,-3.0999930188766906e-05,-0.0023984971738427825,15.999990437362076
1701944396082308313,-3.215475982189289e-05,-0.002410865515379122,15.99999004836597
1701944396083628386,-3.329560384943424e-05,-0.002422783551661073,15.99998965972074
1701944396084866279,-3.438760619647353e-05,-0.0024339636450223462,15.999989285678007
1701944396086305383,-3.5679190534329994e-05,-0.0024469676609017938,15.999988841606685
1701944396087744252,-3.698981372550164e-05,-0.002459976666268414,15.999988388305418
1701944396089085373,-3.8226164401944704e-05,-0.002472107496127993,15.999987956353419
1701944396090327032,-3.938341112648977e-05,-0.0024833420084332124,15.999987546393784
1701944396091830694,-4.080394289661027e-05,-0.0024969474589565197,15.999987034251138
1701944396093342171,-4.225760956183956e-05,-0.0025106190081355464,15.999986500604969
1701944396094856020,-4.37452619122831e-05,-0.002524309786580225,15.9999859471391
1701944396096312831,-4.521010456955109e-05,-0.0025374798646994657,15.999985398468812
1701944396097617764,-4.655132970072816e-05,-0.0025492790213674735,15.999984895848318
1701944396099343060,-4.8364230002600034e-05,-0.0025648816820709438,15.999984219828782
1701944396100955626,-5.0096499157257516e-05,-0.002579475700948132,15.999983578987388
1701944396103843257,-5.327696289893681e-05,-0.002605630034536316,15.999982413483409
1701944396105143632,-5.47398100147318e-05,-0.0026174167075103598,15.999981880556927
1701944396106938324,-5.678687988286719e-05,-0.002633689292477795,15.999981133972986
1701944396108340750,3.102399982963036e-12,-0.004091082952344509,16.000000000003816
1701944396109318777,-2.6684443022117574e-08,-0.004146119629259342,15.999999984689286
1701944396111184102,-8.468612724280868e-08,-0.00418924762611081,15.999999949656923
1701944396112550228,-1.4785944442575131e-07,-0.00422083193410741,15.999999909210716
1701944396113942982,-2.3073987118912046e-07,-0.004253033052982044,15.999999853291113
1701944396115311584,-3.30950435159286e-07,-0.004284670764677211,15.999999782005288
1701944396116661237,-4.4847416222956266e-07,-0.004315869974079453,15.999999693728663
1701944396118153488,-5.997753898156875e-07,-0.00435035825379882,15.999999573283194
1701944396119781381,-7.885681139539368e-07,-0.004387970858148704,15.999999413638285
1701944396121368714,-9.93322010783694e-07,-0.004424629512227101,15.999999230476813
1701944396122996930,-1.2211067918941062e-06,-0.004462230501080802,15.999999016801368
1701944396124356018,-1.4237727253641216e-06,-0.004493605817696773,15.999998821038629
1701944396125683683,-1.634301932180737e-06,-0.0045242597461335535,15.999998617115969
1701944396127026891,-1.86381930441881e-06,-0.004555268641583592,15.99999840046803
1701944396128655371,-2.1712117737637843e-06,-0.0045928780950404416,15.99999812635039
1701944396130258066,-2.5096236150719634e-06,-0.00462989376967821,15.99999784640917
1701944396132099250,-2.9448587190287994e-06,-0.004672422263377969,15.999997514492957
1701944396133792083,-3.388135362154798e-06,-0.004711533860483796,15.999997200823287
1701944396135182521,-3.781198037426403e-06,-0.004743655928994319,15.999996937592138
1701944396136936056,-4.31054856161702e-06,-0.0047841581930688,15.999996598592668
1701944396138185835,-4.708698345128727e-06,-0.004813025774677731,15.999996352431195
1701944396139534206,-5.154861582958779e-06,-0.004844169958494376,15.999996083575075
1701944396140823451,-5.594664894980714e-06,-0.004873939077114254,15.999995824564277
1701944396142103949,-6.041378706320918e-06,-0.004903504842092308,15.999995566188447
1701944396143588580,-6.5680235195076505e-06,-0.004937773952877813,15.999995264869614
1701944396145039296,-7.089457798120072e-06,-0.004971250336337852,15.99999496644651
1701944396146592425,-7.654600888728325e-06,-0.00500707230778785,15.99999463883681
1701944396148100389,-8.21209712809324e-06,-0.0050418390860831495,15.999994309247418
1701944396149628521,-8.789678394626505e-06,-0.005077056293481454,15.999993961402856
1701944396150965240,-9.308691757547913e-06,-0.005107842240376991,15.999993645305853
1701944396152309992,-9.847287432819573e-06,-0.005138802267222217,15.999993316945018
1701944396153850717,-1.04886706858046e-05,-0.0051742662054084735,15.99999293031372
1701944396155053392,-1.1009621916944371e-05,-0.005201935347437403,15.999992622889486
1701944396156425127,-1.1628204769286293e-05,-0.005233493505281936,15.999992268517245
1701944396158078557,-1.240947972871921e-05,-0.0052715260180402485,15.999991838140526
1701944396159611949,-1.3168437307364242e-05,-0.005306796531179023,15.999991436505603
1701944396161183807,-1.3979690000466892e-05,-0.005342962017654125,15.999991022331702
1701944396162810393,-1.4853379861123838e-05,-0.005380393032120966,15.999990591141064
1701944396164431695,-1.5758302731503996e-05,-0.005417717711540179,15.999990158235414
1701944396165716378,-1.649885629530769e-05,-0.005447291827414879,15.999989812260964
1701944396166970684,-1.7241955665257267e-05,-0.005476169520744346,15.999989470131496
1701944396168409075,-1.8118923527726225e-05,-0.005509282459275436,15.99998906934736
1701944396169870071,-1.9038366948999903e-05,-0.005542912400093752,15.999988649300466
1701944396171273366,-1.9950818589635574e-05,-0.005575209457313686,15.99998823035266
1701944396172527815,-2.0792156269996492e-05,-0.0056040733270540264,15.999987841245197
1701944396173560759,-2.1503472968877473e-05,-0.005627843534453947,15.999987510012403
1701944396174633753,-2.2258482347307403e-05,-0.005652527927730936,15.999987156551054
1701944396176065025,-2.328739125959087e-05,-0.005685453633643653,15.999986673234815
1701944396177305707,-2.4195587652478658e-05,-0.005713993328345167,15.99998624644841
1701944396178437337,-2.503355570149497e-05,-0.005740017742591252,15.9999858533897
1701944396179767554,-2.6027055753017193e-05,-0.005770610873696973,15.999985388261532
1701944396181201188,-2.7105055686424746e-05,-0.005803573610099461,15.999984883526247
1701944396182693116,-2.8233699490914995e-05,-0.005837871523392599,15.999984353456172
1701944396184026227,-2.9248737807791864e-05,-0.005868524949613931,15.9999838746479
1701944396185164140,-3.012114316437838e-05,-0.005894691902364087,15.999983461886409
1701944396186489766,-3.1146889668808306e-05,-0.005925179631677997,15.9999829765627
1701944396187780597,-3.2158070507736097e-05,-0.005954874416328324,15.999982499892875
1701944396189202900,-3.328907463008921e-05,-0.0059875991925547834,15.999981970900864
1701944396190246762,-3.4131565275967056e-05,-0.0060116263859365335,15.999981580472975
1701944396191676954,-3.530179349896151e-05,-0.0060445368689076755,15.999981043485828
1701944396193523272,-3.683643441291747e-05,-0.006087021149616675,15.999980347693121
1701944396195277723,-3.83139494105158e-05,-0.006127383376468061,15.999979685991221
1701944396196462709,-3.931924468618251e-05,-0.006154637153863492,15.99997924027914
1701944396197949541,-4.0585965024174264e-05,-0.006188834715592565,15.999978683796186
1701944396199288655,-4.1730017874348555e-05,-0.006219625390080964,15.999978185181133
1701944396200453950,-4.27277420526462e-05,-0.0062464243436076644,15.99997775161869
1701944396202581657,-4.4552692859781385e-05,-0.006295351916507473,15.999976954264147
1701944396204156145,-4.590546851278698e-05,-0.006331560840623014,15.999976355656674
1701944396205608488,-4.715464087543964e-05,-0.006364963924336001,15.99997579420499
1701944396206752717,-4.813939144734544e-05,-0.006391278491210852,15.999975344943314
1701944396208068243,-4.927212987637929e-05,-0.006421531073144094,15.99997482123373
1701944396209423669,-5.0440282065119306e-05,-0.0064527107115778986,15.999974274644483
1701944396210618231,-5.147050723131141e-05,-0.006480183165912628,15.999973788679766
1701944396211837387,-5.252390658503448e-05,-0.006508220035260862,15.999973290083323
1701944396213169501,-1.2423988263686719e-11,-0.004772962381073756,15.999999999991605
1701944396214674840,-1.2214563311761622e-08,-0.004791422358538191,15.999999999037165
1701944396216065965,-2.8104060181040445e-08,-0.00480047254435311,15.99999999878625
1701944396217186899,-4.720132820961752e-08,-0.004807768634130357,15.999999999906896
1701944396218526117,-7.890158746277671e-08,-0.004816488008798368,16.000000003145477
1701944396219911189,-1.2325267998434e-07,-0.004825510229293855,16.00000000760564
1701944396221234205,-1.7766778258411443e-07,-0.004834135124312447,16.000000010646147
1701944396223258155,-2.8495305983021437e-07,-0.004847336325017903,16.000000006372854
1701944396224885234,-3.928605311233592e-07,-0.004857954850633784,15.999999990722431
1701944396226649338,-5.326655416370008e-07,-0.004869471225248302,15.999999956957394
1701944396228227196,-6.787339501785489e-07,-0.004879770556515336,15.999999910221646
1701944396229748916,-8.387472972309251e-07,-0.004889697898089897,15.99999985075372
1701944396231216848,-1.0099576060446063e-06,-0.004899263209207898,15.999999782112349
1701944396232498644,-1.1712444018384406e-06,-0.004907603877296184,15.999999715733598
1701944396234025427,-1.3749490665842493e-06,-0.004917524578251727,15.999999632947903
1701944396235688321,-1.609229102222116e-06,-0.004928312719991379,15.999999542284456
1701944396237424811,-1.8680579070963136e-06,-0.004939569943957655,15.999999449752057
1701944396239098384,-2.133323682453265e-06,-0.004950415315454869,15.99999936308367
1701944396240643273,-2.3944513540640595e-06,-0.004960431313562646,15.999999284091368
1701944396242078286,-2.6524134805481785e-06,-0.004969739831362493,15.99999920994924
1701944396243801140,-2.9818718470065885e-06,-0.004980920414590652,15.999999117806325
1701944396245164724,-3.256930830610672e-06,-0.004989771074331083,15.999999041526145
1701944396246746705,-3.590101263181833e-06,-0.005000038786561064,15.999998949000542
1701944396248310072,-3.933302521601326e-06,-0.005010178920371277,15.999998854147547
1701944396249795872,-4.273102266735439e-06,-0.0050198103165467675,15.999998762654386
1701944396251479903,-4.67655219115225e-06,-0.005030720637539435,15.999998660634818
1701944396253172149,-5.104254171239971e-06,-0.005041684432290601,15.999998562990312
1701944396254721308,-5.517073640953052e-06,-0.005051727103685508,15.999998479349266
1701944396256630954,-6.0544331376550625e-06,-0.00506412123197271,15.999998383382826
1701944396258346096,-6.562783790302158e-06,-0.005075274488811624,15.999998302395596
1701944396259763600,-6.999536569349304e-06,-0.005084509069718997,15.999998238096504
1701944396260971463,-7.38198004463374e-06,-0.005092387723883808,15.999998184798754
1701944396262216374,-7.78465403085535e-06,-0.005100515279888818,15.999998131297549
1701944396263227919,-8.1175596115711e-06,-0.005107123833020354,15.999998088966507
1701944396265061551,-8.733283972218594e-06,-0.005119103450253127,15.999998014648284
1701944396266305611,-9.160599044889975e-06,-0.005127229189591431,15.999997965475648
1701944396267770181,-9.6757146857814e-06,-0.005136791773602021,15.999997907373647
1701944396269133646,-1.0169517475248065e-05,-0.005145689812214679,15.999997851512243
1701944396270495043,-1.067946864705308e-05,-0.005154574406186131,15.999997792534776
1701944396271771291,-1.11749465148416e-05,-0.005162904653514791,15.99999773354744
1701944396273096850,-1.1708157686545655e-05,-0.005171559876677605,15.999997668333767
1701944396274517038,-1.2299234742868094e-05,-0.005180837013109856,15.999997594559693
1701944396276072231,-1.2967083864160372e-05,-0.005191000186244867,15.999997510262977
1701944396277614820,-1.3647969956807483e-05,-0.005201085724802872,15.999997423905445
1701944396278783166,-1.4174653086087268e-05,-0.0052087277279775305,15.999997356676198
1701944396280146428,-1.4800420198845246e-05,-0.005217650208498083,15.999997275067052
1701944396281682654,-1.551943859600413e-05,-0.0052277111011132665,15.999997176419724
1701944396282960489,-1.6128205833122545e-05,-0.0052360809676527875,15.999997086723415
1701944396284310463,-1.678198264783859e-05,-0.005244925934288612,15.999996982381601
1701944396286156677,-1.769311752628924e-05,-0.005257015538326824,15.999996822888624
1701944396287867191,-1.855489113385095e-05,-0.005268211288545937,15.99999665912911
1701944396289267581,-1.9272621644778017e-05,-0.005277370004855377,15.999996515979769
1701944396290668341,-2.0001797763976367e-05,-0.005286528608672529,15.999996367665892
1701944396291932927,-2.0669653444523685e-05,-0.005294796472320216,15.999996231968915
1701944396293207346,-2.1351000049799336e-05,-0.005303131058890721,15.999996095588847
1701944396294272304,-2.192516563617164e-05,-0.005310096702229461,15.999995982724721
1701944396295751720,-2.2726896580255655e-05,-0.00531977403651254,15.999995827624133
1701944396297033588,-2.3423665855421113e-05,-0.005328158906791076,15.999995694276302
1701944396298275420,-2.409985566424958e-05,-0.005336282813839989,15.99999556528946
1701944396299605037,-2.4825177345958042e-05,-0.005344979739317703,15.99999542660182
1701944396300881965,-2.5523893267244833e-05,-0.0053533296409065635,15.99999529176283
1701944396302237798,-2.6269920872009132e-05,-0.005362196233183036,15.99999514484577
1701944396303651556,-2.7053875527747947e-05,-0.005371439855471628,15.999994984730192
1701944396305562765,-2.8125631992632133e-05,-0.005383929884491178,15.99999475129744
1701944396307145271,-2.902483485783833e-05,-0.0053942666411000316,15.999994539434278
1701944396308538084,-2.982616602079391e-05,-0.00540335857137433,15.999994337140098
1701944396309645255,-3.0470846988950088e-05,-0.0054105813199483,15.999994165994252
1701944396310941635,-3.123681134767392e-05,-0.005419038347339231,15.99999395592046
1701944396312586774,-3.2229014499570184e-05,-0.005429766352450503,15.999993678482713
1701944396313802462,-3.297848609590606e-05,-0.005437692128170199,15.9999934677963
1701944396315341724,-3.3948035462121095e-05,-0.00544772348155146,15.999993196264272
1701944396317048730,-3.5048353836217495e-05,-0.00545884284188208,15.9999928896503
1701944396318478263,-3.598700344803833e-05,-0.005468149988289962,15.999992628262452
1701944396320285918,-3.71906585689632e-05,-0.005479915213207291,15.99999229122824
1701944396321695068,-3.813880219350463e-05,-0.005489085154424675,15.999992023901235
1701944396322983997,-3.3484391881400885e-12,-0.0040910849844505446,16.000000000002842
1701944396324514501,-1.2707965526787896e-08,-0.004073585758096832,15.99999999721477
1701944396325910111,-2.8490894307431792e-08,-0.004064928467294786,15.999999994997427
1701944396327085571,-4.698366262842882e-08,-0.004057642101951984,15.999999994512727
1701944396328482009,-7.549400663623956e-08,-0.004048991171432311,15.999999995970317
1701944396330012959,-1.1439266958438219e-07,-0.004039510468204199,15.9999999975246
1701944396331261022,-1.5072552103207211e-07,-0.00403178421024713,15.999999995030562
1701944396332910005,-2.018558905095323e-07,-0.004021568431219344,15.999999979183581
1701944396334745511,-2.596483305146546e-07,-0.0040101875404089955,15.999999938189331
1701944396336041783,-3.004194797671342e-07,-0.004002141174794654,15.999999892561332
1701944396337274236,-3.4067774947224653e-07,-0.003994484818531138,15.999999836822626
1701944396338816584,-3.98414753879189e-07,-0.003984900689772688,15.999999752778592
1701944396340094936,-4.5748278443801676e-07,-0.003976955328946873,15.999999672944442
1701944396341541845,-5.429202499010267e-07,-0.00396796442631679,15.999999572476021
1701944396342873477,-6.426628714375097e-07,-0.00395968892710902,15.99999946970413
1701944396344172718,-7.609722488495073e-07,-0.003951617177192016,15.999999358197268
1701944396345903028,-9.501197491663855e-07,-0.003940866942433593,15.999999189487639
1701944396347584985,-1.1662815510878816e-06,-0.0039304144875770474,15.999999001485032
1701944396349445424,-1.4386991800497406e-06,-0.003918851030685102,15.99999876470621
1701944396350703079,-1.6408911397410157e-06,-0.003911031525062446,15.999998586894012
1701944396352304297,-1.9171569848772803e-06,-0.0039010715130567567,15.999998337963111
1701944396353601981,-2.155616848454436e-06,-0.003892994473242767,15.99999811557729
1701944396355029766,-2.4325143219178938e-06,-0.0038841005385745263,15.999997845986561
1701944396356476135,-2.7286195449436364e-06,-0.0038750841493286666,15.999997542735002
1701944396357860747,-3.0276308929209186e-06,-0.0038664437172146967,15.999997221147519
1701944396359143980,-3.3192280865618716e-06,-0.0038584317229752143,15.999996894639128
1701944396360306251,-3.5961823552466365e-06,-0.0038511718709099887,15.99999657535947
1701944396361754431,-3.958978542552617e-06,-0.0038421259062374345,15.999996147581285
1701944396362970427,-4.278837551136697e-06,-0.0038345316877325284,15.999995763644103
1701944396364413274,-4.675928790833116e-06,-0.0038255224021731724,15.999995279492776
1701944396365995682,-5.132299860362044e-06,-0.0038156451104034775,15.999994713676777
1701944396367190542,-5.490756354854589e-06,-0.0038081871993797273,15.999994263121783
1701944396368572399,-5.9190342588981615e-06,-0.003799561766730406,15.999993719083369
1701944396370124628,-6.4153862806547885e-06,-0.0037898698282532246,15.999993081261938
1701944396371603326,-6.899676876408245e-06,-0.0037806300818911233,15.9999924493252
1701944396373119445,-7.402547711145894e-06,-0.0037711481440269286,15.99999177781061
1701944396374499607,-7.861674789464663e-06,-0.0037625082030493077,15.999991145607204
1701944396376083326,-8.387229561091852e-06,-0.0037525845960926295,15.999990394921559
1701944396377841290,-8.970272999866422e-06,-0.0037415601459275436,15.999989529985887
1701944396379362162,-9.478666986141314e-06,-0.003732014434433822,15.999988755797432
1701944396381436132,-1.018756810252283e-05,-0.00371898823623392,15.999987666378146
1701944396382945130,-1.0719217098438402e-05,-0.00370950570384978,15.99998685334073
1701944396384111412,-1.1141469585334998e-05,-0.003702173634673747,15.999986216016493
1701944396385965387,-1.1835877651045927e-05,-0.0036905152545004343,15.999985191354346
1701944396387543188,-1.2451419477346757e-05,-0.0036805899960736565,15.999984309069964
1701944396388731193,-1.2931270676664041e-05,-0.0036731154711225913,15.99998363796504
1701944396390167723,-1.3531152144972754e-05,-0.0036640771203305996,15.999982816459452
1701944396391646960,-1.4169668749511815e-05,-0.003654770155431194,15.999981956475478
1701944396392982159,-1.4760146790568915e-05,-0.0036463687803241656,15.999981166405838
1701944396394221262,-1.53145864243933e-05,-0.003638575496291191,15.999980421934083
1701944396395606275,-1.593507689208013e-05,-0.0036298682101082945,15.999979578640437
1701944396396972435,-1.6542396191229053e-05,-0.003621283547312462,15.999978737069803
1701944396398224224,-1.7090952521381574e-05,-0.0036134207478276284,15.999977957777466
1701944396399585951,-1.7676295705673935e-05,-0.00360486666653351,15.999977099258373
1701944396401021381,-1.8278830467045e-05,-0.003595847798788752,15.9999761793031
1701944396402573024,-1.8913467752272496e-05,-0.003586094724105905,15.999975164791115
1701944396404059712,-1.9506883099197978e-05,-0.003576745050063926,15.999974172254198
1701944396405640885,-2.0125416282940042e-05,-0.0035667934993363487,15.999973095201888
1701944396407106934,-2.0690002839153307e-05,-0.003557560713351445,15.999972078360218
1701944396408679758,-2.1288674452725775e-05,-0.0035476494587187483,15.999970969276694
1701944396410196886,-2.1860640426943316e-05,-0.0035380855818512654,15.99996988212208
1701944396412276920,-2.2637663058337077e-05,-0.0035249698609989477,15.99996836263585
1701944396413585506,-2.3122545885236082e-05,-0.003516722339308152,15.99996738905847
1701944396414992915,-2.364158021195634e-05,-0.0035078577044236415,15.99996632578955
1701944396416477728,-2.4188326692981345e-05,-0.0034985164590853714,15.99996518593169
1701944396417689969,-2.4636671959809768e-05,-0.003490899877406721,15.999964241836445
1701944396419473408,-2.5307428034163635e-05,-0.003479712113800624,15.999962831660737
1701944396420735070,-2.579511778978345e-05,-0.003471806752646594,15.999961818579056
1701944396422169191,-2.6368905867131133e-05,-0.0034628278662256814,15.999960651278393
1701944396423554018,-2.694502066729143e-05,-0.0034541616377724606,15.99995950789242
1701944396424955942,-2.7548704234523135e-05,-0.0034453889893042446,15.999958334075014
1701944396426147287,-2.8074317647548624e-05,-0.003437933045326537,15.9999573241044
1701944396427421517,-2.8644883153727502e-05,-0.00342995626978045,15.999956232142242
1701944396428796888,-7.564976944841265e-12,-0.0006818790944966924,15.666667221984914
1701944396430046595,-1.0040469032905494e-08,-0.0005973015414981362,15.658398055732741
1701944396431206981,-2.0712346400270453e-08,-0.000559911556759288,15.654742635684354
1701944396432470016,-3.676153426377419e-08,-0.0005192085557739964,15.650763501100233
1701944396433815652,-5.996795192518506e-08,-0.00047584360478893886,15.646524493774967
1701944396435019393,-8.72384453715183e-08,-0.0004370449409588611,15.642732368051876
1701944396436205636,-1.210856035274816e-07,-0.0003988080706670043,15.638995821092387
1701944396437375704,-1.6152009461847098e-07,-0.00036107885254990147,15.635309595494977
1701944396438690453,-2.146701055166314e-07,-0.00031868385524973865,15.631168223153749
1701944396440823803,-3.1521410807981925e-07,-0.00024987651172712124,15.62444768418061
1701944396442730501,-4.1695258551185443e-07,-0.00018837749521691518,15.618441394087867
1701944396444064767,-4.928975607307106e-07,-0.0001453351218588508,15.614237656383278
1701944396445311108,-5.65803354627959e-07,-0.00010513949948452485,15.610311806441684
1701944396446756293,-6.510878285796649e-07,-5.852542521598043e-05,15.605758804686209
1701944396448095707,-7.298410255169067e-07,-1.5328859441637103e-05,15.601539276350083
1701944396449410028,-8.066740095516757e-07,2.7048725325242057e-05,15.597399364329284
1701944396450632091,-8.783196479911564e-07,6.645422097409411e-05,15.593549372690843
1701944396452043381,-9.62534267063318e-07,0.00011194919269250146,15.589103792112848
1701944396453373278,-1.044720207117234e-06,0.00015481595312694132,15.584914336586642
1701944396454517676,-1.1190512299685597e-06,0.00019169850345308604,15.581309217669094
1701944396455539379,-1.189714007345364e-06,0.00022462855674890568,15.578090148598466
1701944396457193824,-1.3163839471640827e-06,0.00027794064181336755,15.572878496458916
1701944396458334705,-1.4142958896789689e-06,0.00031470530821203616,15.56928463471857
1701944396459718160,-1.5471928208436431e-06,0.00035929743140382994,15.564926172738211
1701944396460923613,-1.6775591867803816e-06,0.00039815647142402394,15.561128747188118
1701944396462135040,-1.8242920237882783e-06,0.0004372148843629861,15.557312531834391
1701944396463347372,-1.988447134353347e-06,0.00047631064751102025,15.553493299501797
1701944396464624249,-2.180616481177844e-06,0.0005174882809553676,15.549471263133992
1701944396465861914,-2.3851944512816286e-06,0.0005574099594269249,15.545572392172792
1701944396467139887,-2.6140294714927383e-06,0.0005986441759081994,15.541545826163215
1701944396468401998,-2.856183324200042e-06,0.0006393605997840512,15.537570324647017
1701944396469972894,-3.178616602389617e-06,0.0006900536379584993,15.53262140499567
1701944396471829757,-3.587627919396805e-06,0.0007499809149273561,15.526771920857481
1701944396473420618,-3.960003842391908e-06,0.0008013366137884636,15.521759896139637
1701944396475093215,-4.370355241904228e-06,0.0008553330759913279,15.516490996020062
1701944396476575976,-4.74831946184524e-06,0.0009032182978877545,15.51181921119259
1701944396477838249,-5.0799873919641295e-06,0.0009439803741824315,15.50784293423458
1701944396479126593,-5.429600450058735e-06,0.0009855930558337021,15.503784033243317
1701944396480302840,-5.76139594268923e-06,0.001023579371315073,15.500078891445272
1701944396481723894,-6.183351335644539e-06,0.0010694703063470192,15.495602369025825
1701944396483314003,-6.6878591531873555e-06,0.0011208192591070857,15.490592558366393
1701944396484879935,-7.220413281887224e-06,0.0011713720347047087,15.48565934819186
1701944396486400545,-7.770527445556384e-06,0.001220452627455434,15.480868836679758
1701944396488052160,-8.400193673754623e-06,0.0012737500378381924,15.475665961780813
1701944396489291446,-8.89115596969319e-06,0.001313741844218835,15.471761734380436
1701944396490753010,-9.48657096145482e-06,0.0013609071042209047,15.467157476021567
1701944396492293607,-1.0131845921025895e-05,0.001410637224282956,15.462303850103218
1701944396493832172,-1.0795296737472516e-05,0.0014603160424640903,15.457456986221233
1701944396495359965,-1.1476175661690445e-05,0.0015096720108250356,15.452643927068271
1701944396496862088,-1.2170873783778561e-05,0.0015582298171448261,15.447911242145915
1701944396498312228,-1.2867684335766918e-05,0.0016051247300830384,15.443343053893235
1701944396499894115,-1.3657794683681134e-05,0.0016563098951242023,15.438359512149283
1701944396501616447,-1.4550905188852775e-05,0.001712068325213818,15.432933576239483
1701944396503788901,-1.5717993235526793e-05,0.0017824415336608103,15.426089568025096
1701944396505817492,-1.683924035139669e-05,0.0018481910674758143,15.41969922398576
1701944396507482247,-1.7775283200494358e-05,0.0019021821720660178,15.414454306275017
1701944396509122327,-1.8705622747336752e-05,0.0019553867167570816,15.409287506637959
1701944396510338386,-1.9398039385725424e-05,0.0019948381974242433,15.405456913872744
1701944396511925019,-2.030202909522496e-05,0.002046318848507548,15.400458374297344
1701944396513213916,-2.1035854175708637e-05,0.002088134633617614,15.39639796106601
1701944396514728329,-2.1898293231694513e-05,0.002137262566155019,15.391627023595316
1701944396516037637,-2.264643253405476e-05,0.0021797345849100093,15.38750203494389
1701944396517467004,-2.3470089458151235e-05,0.0022260918165418037,15.382999257743391
1701944396518942313,-2.4333040837062317e-05,0.002273934984691432,15.378351530307993
1701944396520531289,-2.528234696333608e-05,0.0023254481268742146,15.373346294842294
1701944396522113470,-2.6252636467150504e-05,0.002376739270320829,15.368361346670987
1701944396523526392,-2.7142402848703176e-05,0.0024225241900014934,15.36391042554666
1701944396524798782,-2.7963959641049733e-05,0.002463751351300153,15.359901897759311
1701944396526266208,-2.8935833857561694e-05,0.0025112875503536672,15.35527974314248
1701944396527665684,-2.9887143638387656e-05,0.002556635308333141,15.350870905209883
1701944396528882060,-3.0732246501698986e-05,0.0025960602562122522,15.34703890573959
1701944396530003650,-3.1524896153788206e-05,0.0026324221833101827,15.343505844208696
1701944396531273688,-3.2435795974752944e-05,0.0026736168929909327,15.33950487389657
1701944396532598277,-3.3398810643301124e-05,0.0027166021961513415,15.335331921290333
1701944396534323870,-3.467164660600935e-05,0.002772628844883764,15.329895686909971
1701944396535995097,-3.592399784148399e-05,0.002826909172821652,15.324631467827551
1701944396537400379,6.617362080930771e-12,0.001704693577211398,15.3333330096862
1701944396538675567,-2.5117580541534384e-08,0.001763619341082193,15.325105714593024
1701944396539795297,-4.9919940311443765e-08,0.0017882471261719142,15.321668602615649
1701944396541094806,-8.70391564195887e-08,0.0018168257941218594,15.317680479761904
1701944396542185583,-1.2336130961061472e-07,0.0018408160902560519,15.314332660309473
1701944396543491279,-1.7104466805699708e-07,0.0018695340066451035,15.310324799975644
1701944396544815936,-2.234230820116789e-07,0.0018986621968061722,15.30625914097429
1701944396545864730,-2.682257278015425e-07,0.0019217211724259678,15.303040134982238
1701944396547249210,-3.3367995393717186e-07,0.0019521554488447967,15.29879081993799
1701944396548414720,-3.9567700518239864e-07,0.0019777684153954207,15.295213994942044
1701944396549790121,-4.786337773866329e-07,0.002007991674802237,15.290992497610878
1701944396551188669,-5.75628568637424e-07,0.0020387156732576787,15.286700025804233
1701944396552540098,-6.839909563077949e-07,0.002068394714173394,15.282552448163552
1701944396553895092,-8.106617166797602e-07,0.0020981439390997964,15.278393902561263
1701944396555185167,-9.515189469777842e-07,0.0021264617464945845,15.274434402353553
1701944396556869314,-1.168960205224671e-06,0.0021634213577516573,15.269265332438382
1701944396558018979,-1.3397142946133624e-06,0.0021886465426212516,15.265736850178056
1701944396559377306,-1.563598976925944e-06,0.002218447880263074,15.26156809609759
1701944396560618315,-1.787407227194518e-06,0.0022456818734430785,15.257758633366166
1701944396562184960,-2.093292531284322e-06,0.0022800610991482295,15.252950342193223
1701944396563632755,-2.3973830304700497e-06,0.002311836311419523,15.248507192536637
1701944396565417263,-2.7988021202090616e-06,0.0023510175103465467,15.243030088853814
1701944396566566884,-3.0723078197969342e-06,0.0023762663319814633,15.239501619755098
1701944396567851251,-3.3908188902826565e-06,0.002404480048000901,15.23555971684951
1701944396569391064,-3.7894361741024146e-06,0.002438310216801155,15.23083412085047
1701944396570757200,-4.157346977279431e-06,0.0024683319250619305,15.226641239767698
1701944396571821381,-4.452507926293041e-06,0.0024917234801281668,15.22337474911938
1701944396573020313,-4.79314592889899e-06,0.002518073882848765,15.219695562950154
1701944396574198322,-5.135925334885724e-06,0.002543972814638866,15.216080044551834
1701944396575378734,-5.487606469914028e-06,0.0025699292819543473,15.212457214548568
1701944396576527536,-5.83902309146141e-06,0.0025951981483931367,15.208930978417985
1701944396577677363,-6.202098274429643e-06,0.0026204849480130398,15.205402550394822
1701944396578832139,-6.581694203278826e-06,0.002645885546117522,15.201858026288386
1701944396580039083,-6.9978276620488525e-06,0.0026724225955339956,15.198153985152913
1701944396581243430,-7.435324015483864e-06,0.0026988959105255597,15.194457262024
1701944396582489401,-7.912204091436225e-06,0.0027262661942954406,15.190633217711847
1701944396583701886,-8.399971917315894e-06,0.002752883094616392,15.186912348780567
1701944396584867541,-8.890631932217185e-06,0.002778461670175535,15.183334900536757
1701944396586027095,-9.398980969219001e-06,0.0028039002820339975,15.17977574588534
1701944396587305685,-9.980716658105096e-06,0.0028319426560026997,15.175851455106107
1701944396588498762,-1.0540758031335009e-05,0.002858106814630066,15.172189855155933
1701944396589700374,-1.1118177208227832e-05,0.002884462658763436,15.16850191038312
1701944396590879752,-1.169474504195867e-05,0.002910333356135225,15.164882746442137
1701944396592078841,-1.2288896070268557e-05,0.002936651401471781,15.161202115242759
1701944396593430241,-1.2966556892099198e-05,0.002966317302912244,15.157054636439193
1701944396595010750,-1.3769865137431544e-05,0.0030010247579407047,15.152203961611391
1701944396596621093,-1.4600265746525004e-05,0.0030363975982189233,15.147261824486787
1701944396598091930,-1.5368550184449248e-05,0.003068714198376894,15.142747757915494
1701944396599443025,-1.6080869009884958e-05,0.003098405917320796,15.13860102698329
1701944396600741727,-1.676901781724458e-05,0.0031269484229941745,15.134615281137371
1701944396602152821,-1.7517612274320987e-05,0.0031579673296524753,15.130284159715405
1701944396604235193,-1.8618940455018393e-05,0.0032037420925113106,15.123893212086038
1701944396605847800,-1.9467449208489804e-05,0.0032391918917053625,15.11894377379086
1701944396607257721,-2.020584138792197e-05,0.0032701762162592224,15.114617036928776
1701944396608661464,-2.093896390667034e-05,0.0033010172632535967,15.11030859070105
1701944396610011713,-2.164389810081097e-05,0.0033306663275052715,15.106164050624471
1701944396611554303,-2.2451848553887128e-05,0.003364504993825788,15.101429731335015
1701944396612852589,-2.3136458841534886e-05,0.0033929558417596156,15.097445438457848
1701944396614250683,-2.38806146171072e-05,0.003423569016421921,15.093154548101072
1701944396615765596,-2.4695550923485996e-05,0.0034567129564315696,15.088505106588409
1701944396616976489,-2.535262643953896e-05,0.003483190447721889,15.084788625498899
1701944396618154113,-2.5994957313016323e-05,0.003508929969549522,15.08117458676652
1701944396619696205,-2.6838796454649864e-05,0.0035426336857791916,15.076441727152867
1701944396621121207,-2.7619777256986828e-05,0.003573780683309239,15.072068154804368
1701944396622277418,-2.825376748181737e-05,0.0035990595184915504,15.068519253862004
1701944396623704110,-2.9036280666830676e-05,0.0036302575242718508,15.064140583491296
1701944396625288359,-2.9906308659012243e-05,0.00366490756584075,15.05927899635919
1701944396626906463,-3.0798417364351323e-05,0.003700312621107405,15.054312803342949
1701944396628531110,-3.17012480441677e-05,0.003735868762667421,15.049326154251515
1701944396629900250,-3.247137136696618e-05,0.0037658274212083826,15.04512466001894
1701944396631143580,-3.318248105008972e-05,0.0037930352225209597,15.04130879301681
1701944396632436586,-3.393825156933473e-05,0.0038213265913478616,15.037340740820976
1701944396633650399,-3.466630053597308e-05,0.0038478855595924575,15.033615622068965
1701944396635316673,-7.244554057399353e-12,0.0010228176857334814,15.000000024111579
1701944396637220033,-9.05710346346372e-08,0.0009979699545360544,14.987847350469549
1701944396638677314,-1.792048221637492e-07,0.0009878338191800153,14.982886622172659
1701944396639943233,-2.7859115232280236e-07,0.0009790324512244652,14.97857764605871
1701944396640847903,-3.600951083288316e-07,0.0009727415205401454,14.975497493259006
1701944396642271484,-4.985881058131484e-07,0.0009628404811521935,14.970651239749216
1701944396643725481,-6.450905527383241e-07,0.0009527228075538573,14.96570193292376
1701944396645087912,-7.801524980997961e-07,0.0009432353396911133,14.961063502828965
1701944396646449884,-9.089849672042297e-07,0.0009337508644959346,14.956427528037974
1701944396647552930,-1.0086113933735467e-06,0.0009260697656546661,14.95267217290121
1701944396649172622,-1.1511739824805474e-06,0.0009148025096179297,14.947158864386763
1701944396650603580,-1.2782468652422815e-06,0.0009048604056950292,14.942287548704037
1701944396652027427,-1.4114419595795239e-06,0.0008949817528621509,14.937440580858748
1701944396653369684,-1.5477515743609482e-06,0.0008856797441155266,14.932871183447501
1701944396654975704,-1.7293193974820397e-06,0.0008745589894796454,14.927404138328068
1701944396656396827,-1.909179223115537e-06,0.0008647210089239385,14.922566099358543
1701944396658347049,-2.1873011468578427e-06,0.0008512201052726894,14.915927102292676
1701944396660167698,-2.479746302311139e-06,0.0008386140703067314,14.909729649153807
1701944396661529088,-2.7183524792653057e-06,0.0008291852783213258,14.905095378362217
1701944396662707115,-2.9369302578465876e-06,0.0008210248914630807,14.90108524986917
1701944396664024437,-3.1909957396623026e-06,0.0008118992241431022,14.896601164251935
1701944396665277954,-3.437921422761676e-06,0.0008032150802285932,14.892333791809657
1701944396666423368,-3.6642901117599927e-06,0.0007952826821301521,14.888434894725178
1701944396668151056,-4.002675648981402e-06,0.0007833229538769955,14.882553286571964
1701944396670068509,-4.373063754896622e-06,0.0007700629831965175,14.876026474916836
1701944396671413915,-4.631005973622867e-06,0.0007607663640110405,14.871446674679607
1701944396672688277,-4.875510521798553e-06,0.0007519656992662737,14.867108731935206
1701944396673978266,-5.124079066396977e-06,0.0007430596461762801,14.862717229098674
1701944396675350403,-5.389228016773899e-06,0.0007335891568034507,14.858046547496397
1701944396676699671,-5.649419270078622e-06,0.0007242770987869101,14.853453788351429
1701944396677977407,-5.894262240521875e-06,0.0007154583761638761,14.84910451602823
1701944396679277285,-6.142305375034424e-06,0.0007064859013544462,14.844679779034577
1701944396680651162,-6.406699427287932e-06,0.0006970007013788553,14.840002654077628
1701944396681801260,-6.633974265038242e-06,0.00068906035136625,14.836087610667644
1701944396683342088,-6.95516958546456e-06,0.0006784234489165407,14.830843216842975
1701944396684529101,-7.219965277443423e-06,0.0006702278640805615,14.826802395662057
1701944396685855753,-7.537248119637658e-06,0.0006610684856887269,14.82228600048157
1701944396687112825,-7.85948699054823e-06,0.0006523921157601573,14.818007403893619
1701944396689368520,-8.48776511798116e-06,0.0006368215279036028,14.810329165359631
1701944396690889812,-8.944572204430229e-06,0.0006263181474438838,14.805150574785289
1701944396692713265,-9.520021443506967e-06,0.0006137249343859761,14.79894375859923
1701944396694022744,-9.94760928301632e-06,0.0006046785483936461,14.794486686067701
1701944396695284612,-1.036646645231732e-05,0.0005959584757828722,14.790191128291834
1701944396696511338,-1.0776282868424518e-05,0.0005874830483611421,14.786015693632432
1701944396697757984,-1.1192876425135689e-05,0.0005788728847885969,14.781772100397694
1701944396699106076,-1.164249642187942e-05,0.0005695699222488734,14.777183610487125
1701944396700311236,-1.2044688830013938e-05,0.0005612602661968291,14.773081247613458
1701944396701561079,-1.2464367330242832e-05,0.000552651260569289,14.768827136377059
1701944396703092917,-1.2986505115205231e-05,0.0005421087224659909,14.76361298603809
1701944396704620348,-1.3519314698993222e-05,0.0005316022237098471,14.758413464236368
1701944396706972871,-1.4368719435683501e-05,0.000515424906996086,14.750406066478424
1701944396708673497,-1.5005480902374112e-05,0.0005037285036177784,14.744617435014531
1701944396709944054,-1.5493370565252846e-05,0.0004949885194523642,14.740292819833432
1701944396711532887,-1.611756053916535e-05,0.00048405889601011045,14.734884841802678
1701944396712811581,-1.66315187080587e-05,0.0004752653268854388,14.730532670339455
1701944396713958864,-1.710270571610447e-05,0.0004673776205940584,14.726626845564926
1701944396715392244,-1.770723215679764e-05,0.0004575329472986634,14.721748026417524
1701944396716859197,-1.834708848532887e-05,0.0004474697633084714,14.716755607271997
1701944396718648935,-1.9159555216941884e-05,0.0004352053324446244,14.710663602565631
1701944396720455370,-2.0014630558387126e-05,0.000422842518058244,14.70451480379396
1701944396722276515,-2.090930747552056e-05,0.0004103947933503165,14.69831651356591
1701944396723642795,-2.1599625890613366e-05,0.0004010635992900944,14.693665773829926
1701944396724904414,-2.2249458566358188e-05,0.00039245448119006846,14.689372101797145
1701944396726078598,-2.2864304249292416e-05,0.0003844444797935123,14.685375445210333
1701944396727365840,-2.3549179411238017e-05,0.0003756649429407764,14.680994141454606
1701944396728745958,-2.4296159623054353e-05,0.00036624872852273135,14.676296358879009
1701944396729916391,-2.4939638607634123e-05,0.0003582585182992046,14.672312704095287
1701944396731319706,-2.57223288747675e-05,0.00034866812735342734,14.667536221606372
1701944396732556985,1.3818183928907338e-12,0.0003409385673336297,14.999999741417287
1701944396733883112,-1.527708563858693e-08,0.00032294342221172214,14.999871754298491
1701944396735262561,-3.4956546569779126e-08,0.00031324471566596747,14.999802890853958
1701944396736763548,-6.265164570873121e-08,0.00030268402807527513,14.999727976637557
1701944396738118490,-9.185719657656263e-08,0.0002931443378249459,14.999660351489611
1701944396739392743,-1.223918639320017e-07,0.0002841683509567151,14.999596753371787
1701944396740712088,-1.5733215100027374e-07,0.0002748720272304156,14.999530911551698
1701944396741936909,-1.9336569424006755e-07,0.0002662407719655205,14.999469797610237
1701944396743302223,-2.3837824630187025e-07,0.0002566191299759399,14.999401680716726
1701944396744738168,-2.9195935217873306e-07,0.00024649868393199946,14.999330034094287
1701944396746166040,-3.5232091376403256e-07,0.00023643591157772754,14.999258793781017
1701944396747543173,-4.1804197285988224e-07,0.0002267311563831961,14.999190087803282
1701944396749115011,-5.03243840744598e-07,0.00021565337262667548,14.99911166391378
1701944396751112056,-6.292979028055013e-07,0.00020158046840359342,14.999012032355667
1701944396753408420,-8.025450696529322e-07,0.00018540434490901619,14.998897464063566
1701944396754752543,-9.197809327562654e-07,0.00017594328906713432,14.998830405163696
1701944396756120502,-1.0527499282438842e-06,0.00016632594462205038,14.998762172018532
1701944396757643255,-1.2180781101427801e-06,0.00015563236126840018,14.998686213700006
1701944396759192188,-1.4053589849361832e-06,0.00014476659126665408,14.998608955183094
1701944396760678971,-1.6033299303918138e-06,0.00013434272712830727,14.998534809658398
1701944396762237965,-1.830102805013063e-06,0.00012340972133562624,14.998457072907815
1701944396763843233,-2.083791083769064e-06,0.00011214161382853152,14.998377043303245
1701944396765272155,-2.325760836262729e-06,0.00010209842103652885,14.99830582176549
1701944396766762569,-2.5921505703936793e-06,9.160741802085584e-05,14.998231547501213
1701944396768187283,-2.8577223165278652e-06,8.156354096424109e-05,14.99816055478261
1701944396769717750,-3.15231183956364e-06,7.076128204037415e-05,14.998084315998275
1701944396771228973,-3.4511537617068176e-06,6.008210303877261e-05,14.998009044888661
1701944396772804990,-3.770821525277455e-06,4.8936903961646836e-05,14.997930573875738
1701944396774341521,-4.0915068810852645e-06,3.806266628125146e-05,14.997854077925517
1701944396775742514,-4.3936084212663424e-06,2.81436061041794e-05,14.997784347830091
1701944396777295877,-4.74268688679968e-06,1.714211599129812e-05,14.99770704691241
1701944396778750723,-5.086167452537466e-06,6.836044903963356e-06,14.997634657193133
1701944396780677158,-5.569891617117893e-06,-6.811548488678922e-06,14.997538819095455
1701944396782502366,-6.060889569657929e-06,-1.9743083928746196e-05,14.997448030719955
1701944396783967316,-6.478389171445907e-06,-3.012149311122003e-05,14.99737518901269
1701944396786006891,-7.093523382308624e-06,-4.45768886990679e-05,14.997273789881737
1701944396787528271,-7.5768846185652955e-06,-5.5364306848239574e-05,14.99719817833359
1701944396788863562,-8.017377581445192e-06,-6.483821282895809e-05,14.997131822536662
1701944396790197216,-8.471229584533812e-06,-7.430338170532293e-05,14.997065572938299
1701944396791497827,-8.926163128798666e-06,-8.354023868071178e-05,14.997000956420395
1701944396792826295,-9.401933702154171e-06,-9.297515465993648e-05,14.996934975798494
1701944396794068700,-9.856388810009794e-06,-0.00010179821555524494,14.99687327804484
1701944396795474303,-1.0381245164197784e-05,-0.00011177585016379858,14.996803490298975
1701944396796778304,-1.0878012041242501e-05,-0.00012102664692756545,14.996738753155265
1701944396798154593,-1.1411651781090689e-05,-0.00013078331643842655,14.99667042481864
1701944396799503647,-1.1942620079900463e-05,-0.0001403363590873618,14.996603464788054
1701944396800940903,-1.2516211092307481e-05,-0.00015050659602691206,14.996532122214914
1701944396802011024,-1.294864999891264e-05,-0.00015807260381525183,14.996479020288394
1701944396803650140,-1.3622516274960196e-05,-0.00016965808492616966,14.996397685059915
1701944396804883376,-1.4140698511828853e-05,-0.00017837273273882967,14.996336493344856
1701944396805881788,-1.4568738681151464e-05,-0.00018542470705327707,14.996286970339403
1701944396807283271,-1.5184519478139848e-05,-0.0001953216639557914,14.996217455539364
1701944396808537124,-1.575057301311561e-05,-0.00020417287588339006,14.996155271258914
1701944396810156190,-1.650216435582897e-05,-0.0002155976806277721,14.996074988047996
1701944396811731141,-1.7255138509936305e-05,-0.00022670712683587832,14.995996910627763
1701944396813560094,-1.8156785863895514e-05,-0.00023960485178748376,14.995906270619484
1701944396815294044,-1.9039493766252425e-05,-0.0002518319235043842,14.995820359384014
1701944396817011817,-1.994113578396744e-05,-0.0002639421266055148,14.995735277628246
1701944396818079075,-2.0514676129254364e-05,-0.0002714625654453113,14.995682435372347
1701944396820546444,-2.1876681374221956e-05,-0.00028883393595171723,14.995560298416342
1701944396821870217,-2.2626695460219483e-05,-0.0002981439738373742,14.995494785806644
1701944396823552943,-2.359605004221266e-05,-0.00030996484261266224,14.995411551538607
1701944396824951024,-2.44136164990118e-05,-0.00031978011569421276,14.995342406096114
1701944396825972468,-2.501733846617374e-05,-0.0003269497955791336,14.995291889114032
1701944396827406352,-2.5873504987817768e-05,-0.00033701104292886073,14.995221001389652
1701944396828901429,-2.6777641542168234e-05,-0.0003475022690122883,14.99514710003477
1701944396830408011,-2.770102732433839e-05,-0.0003580751731890129,14.995072649250211
1701944396832059801,-2.8728351534409685e-05,-0.0003696691857218196,14.994991041986907
1701944396833304067,3.047016344071658e-12,-0.0017045726130795618,14.999999996202122
1701944396834374374,-1.6302728951942203e-08,-0.001751566554432649,15.000000012158392
1701944396836187810,-5.184737729181429e-08,-0.0017883851537834204,15.000000047459988
1701944396837400263,-8.659518743856565e-08,-0.0018129992767018548,15.000000080210079
1701944396838210491,-1.1449717035544384e-07,-0.001829451747096302,15.000000105376365
1701944396839595911,-1.7039841844373483e-07,-0.0018575746376859254,15.000000153840656
1701944396841318472,-2.543002202009007e-07,-0.0018925501052991609,15.000000224376462
1701944396843234210,-3.6663622942835937e-07,-0.0019314600485860962,15.00000031756148
1701944396844381870,-4.435215401689462e-07,-0.0019547698381419784,15.000000381008926
1701944396846398291,-5.954055714868496e-07,-0.001995742332083546,15.000000504932704
1701944396848069609,-7.370481303605522e-07,-0.002029707433372276,15.000000618131129
1701944396849096335,-8.310542248211065e-07,-0.00205057242257945,15.000000691681086
1701944396850518379,-9.70215304398597e-07,-0.0020794748179104408,15.000000797934145
1701944396852406463,-1.171173092977809e-06,-0.002117839366768121,15.000000946538405
1701944396854161005,-1.3742262853625848e-06,-0.0021534843027366433,15.000001093033347
1701944396855301785,-1.514192536068794e-06,-0.0021766584717882185,15.00000119365863
1701944396856590560,-1.6788971731768503e-06,-0.0022028332080685554,15.000001314451305
1701944396857778670,-1.8365661325784762e-06,-0.00222696717970072,15.000001434264123
1701944396859165622,-2.0283824802034725e-06,-0.0022551315783596085,15.000001586053438
1701944396860411682,-2.2097875452986266e-06,-0.002280430986899152,15.0000017340233
1701944396861635648,-2.3989506355351647e-06,-0.002305282005032814,15.000001889985676
1701944396862977562,-2.6211202883505722e-06,-0.0023325221080978385,15.000002072158964
1701944396864292955,-2.85467327221898e-06,-0.0023592242834075895,15.000002260666292
1701944396865665923,-3.114392358813471e-06,-0.0023870980170010918,15.000002465925297
1701944396867018694,-3.38464653350405e-06,-0.0024145609509159086,15.000002674776104
1701944396868059042,-3.601000948325857e-06,-0.0024356838525867856,15.000002839036657
1701944396869377967,-3.883766414465059e-06,-0.0024624563944784243,15.000003051331914
1701944396870997591,-4.241067820849399e-06,-0.0024953441475795623,15.00000331892775
1701944396872226738,-4.517609917200228e-06,-0.002520298635961005,15.00000352773003
1701944396874015578,-4.926555028210487e-06,-0.0025566175766468286,15.000003842227265
1701944396875524644,-5.2784087761645055e-06,-0.0025872544507901576,15.000004118316927
1701944396877207684,-5.681737602859845e-06,-0.0026214126541999326,15.000004438849794
1701944396878636873,-6.0362599762358815e-06,-0.00265041093456517,15.00000472202454
1701944396880015933,-6.3909459779394064e-06,-0.002678388710427798,15.000005005021238
1701944396881376460,-6.753927456121042e-06,-0.0027059920496312804,15.000005293108789
1701944396882379177,-7.029647105843143e-06,-0.0027263359187359136,15.00000551026548
1701944396884060815,-7.505623886503149e-06,-0.0027604553377071194,15.00000588091953
1701944396885867556,-8.032529864322656e-06,-0.002797124649099395,15.00000628625513
1701944396887533635,-8.529260847662535e-06,-0.002830950530940203,15.000006666441614
1701944396888794078,-8.91095156446698e-06,-0.002856550743984027,15.000006959463994
1701944396890046721,-9.295947319924782e-06,-0.002881998148233199,15.000007257227024
1701944396891137757,-9.637225471617782e-06,-0.0029041665690998954,15.000007523095695
1701944396892447951,-1.0056039943724835e-05,-0.0029307906079743856,15.000007850949704
1701944396893855353,-1.0517418866411854e-05,-0.002959392298792296,15.00000821314508
1701944396895222871,-1.0976636643636804e-05,-0.00298718256113386,15.000008574119885
1701944396896786373,-1.151400771916686e-05,-0.0030189498081684167,15.000008996535225
1701944396898046354,-1.1956350564021448e-05,-0.0030445404261811686,15.000009343813645
1701944396899543788,-1.2492996099939464e-05,-0.0030749530712104035,15.000009764257497
1701944396901098403,-1.3062572689034837e-05,-0.0031065211264328222,15.000010209515862
1701944396902226082,-1.3483635354045172e-05,-0.0031294108755989,15.000010537984501
1701944396903676978,-1.40360199582636e-05,-0.0031588673439232606,15.000010967429326
1701944396906519285,-1.5155914831871327e-05,-0.0032165723725553165,15.000011830322741
1701944396907841040,-1.5695163126569078e-05,-0.0032434158707187236,15.000012241595208
1701944396909591413,-1.6430064769755816e-05,-0.0032789792211110236,15.00001279637857
1701944396911037170,-1.7056259322779932e-05,-0.003308366755719061,15.000013262837914
1701944396912284601,-1.7611099628031642e-05,-0.0033337328351776526,15.000013670051576
1701944396913733442,-1.8272039948509463e-05,-0.0033632057565299123,15.000014146146775
1701944396915138127,-1.8928011918097933e-05,-0.0033917887760382508,15.000014608860544
1701944396916520873,-1.9585399556481826e-05,-0.003419924450660715,15.000015064261518
1701944396917869563,-2.023541296059243e-05,-0.0034473717955816083,15.000015508780237
1701944396919199611,-2.08836088023484e-05,-0.003474438775111478,15.00001594851614
1701944396920660610,-2.160345391816633e-05,-0.003504160531765192,15.000016434273888
1701944396921862711,-2.2202108422384188e-05,-0.0035286160665920128,15.000016836667825
1701944396923434834,-2.2992993045803953e-05,-0.0035605978955986104,15.000017366292155
1701944396924791352,-2.3681985053936985e-05,-0.003588196805229837,15.000017825974357
1701944396926137805,-2.4371486864136952e-05,-0.003615596404732673,15.000018284769697
1701944396927555415,-2.5103928589453303e-05,-0.0036444427485844287,15.000018771320304
1701944396928870085,-2.579120663256749e-05,-0.0036712067953060205,15.000019227107456
1701944396930218021,-2.6506113339049744e-05,-0.0036986414845305853,15.000019699441518
1701944396931557005,-2.7229409981144418e-05,-0.0037258942447823532,15.000020173845364
1701944396932833591,-1.120851024841163e-12,-0.001363636814096025,15.000000000004201
1701944396934129784,-2.8426418299236762e-08,-0.001354816214016577,15.000000008953046
1701944396935581743,-6.927683280126779e-08,-0.0013498317732253409,15.000000022289864
1701944396937752304,-1.608970854183836e-07,-0.0013423781301634748,15.00000005627098
1701944396939310397,-2.465416399581782e-07,-0.0013370297961608547,15.000000092953591
1701944396941081690,-3.591723761021853e-07,-0.001330954554045941,15.000000148814406
1701944396942176809,-4.3446159977838555e-07,-0.0013272022117778305,15.000000190711923
1701944396943681308,-5.402218842897566e-07,-0.0013220491944421827,15.000000255547947
1701944396944946371,-6.288586306622595e-07,-0.0013177156912110419,15.000000314784769
1701944396946207781,-7.163454636672209e-07,-0.001313391536656039,15.000000376531228
1701944396947568412,-8.117820604074025e-07,-0.0013087222152640742,15.000000445865611
1701944396948937377,-9.129919325732213e-07,-0.001304018252068916,15.00000052020369
1701944396950016003,-9.996026028816917e-07,-0.001300308370360828,15.000000584107514
1701944396951868129,-1.1697025594000832e-06,-0.0012939340014027456,15.000000710439453
1701944396953246437,-1.3163808947299458e-06,-0.0012891892574703003,15.000000819814918
1701944396954700937,-1.4911250406080875e-06,-0.0012841847212055682,15.000000949187978
1701944396955887141,-1.648508949405689e-06,-0.0012801080829643666,15.000001063361314
1701944396957204142,-1.8375051432288178e-06,-0.0012755874574500365,15.000001195468537
1701944396958251594,-1.9972584029224515e-06,-0.0012719967733180472,15.000001301836358
1701944396959621056,-2.2170758342811194e-06,-0.001267306368773697,15.000001438884029
1701944396960845177,-2.4236191127070343e-06,-0.0012631163534682587,15.000001557466662
1701944396962543078,-2.726780514203836e-06,-0.001257309677084997,15.000001713578119
1701944396963746869,-2.9548781988764756e-06,-0.001253196318051594,15.00000181762971
1701944396964943571,-3.194429542609052e-06,-0.0012491124597727745,15.000001914533742
1701944396966579186,-3.545793462547268e-06,-0.0012435467633362142,15.000002032696118
1701944396968157452,-3.914281562863836e-06,-0.0012381954488814924,15.000002125187253
1701944396970534251,-4.530164198411599e-06,-0.001230170494419758,15.000002206626272
1701944396972137681,-4.989788146104511e-06,-0.001224772340298162,15.000002213094247
1701944396973418112,-5.384099604080192e-06,-0.0012204615159825778,15.000002184664108
1701944396974961628,-5.893570990845597e-06,-0.0012152501252382833,15.000002108250026
1701944396976082204,-6.287824838119489e-06,-0.0012114501684855575,15.000002025568712
1701944396977260150,-6.725705578380383e-06,-0.0012074351723915413,15.000001919075547
1701944396978524863,-7.223659333752621e-06,-0.0012030995564733403,15.000001789986879
1701944396979594705,-7.667480735545181e-06,-0.0011994134094112402,15.00000167473852
1701944396980966782,-8.265888097619675e-06,-0.001194664544003069,15.000001525851616
1701944396982189770,-8.825045404172725e-06,-0.0011904170671221891,15.000001394852395
1701944396983759917,-9.575526429933427e-06,-0.0011849504395516047,15.00000122893921
1701944396985086757,-1.023621851965382e-05,-0.00118032626126427,15.000001088516454
1701944396986491394,-1.0960522738328994e-05,-0.0011754328398425043,15.000000935550693
1701944396987748438,-1.162906672242702e-05,-0.0011710634495912474,15.000000790927519
1701944396988897627,-1.2256469906549235e-05,-0.0011670830498376281,15.000000648225468
1701944396990554412,-1.3188352912650825e-05,-0.0011613803675661664,15.000000416727525
1701944396992188545,-1.4141392537716466e-05,-0.0011558028241771445,15.000000151364597
1701944396993628170,-1.5012667215907135e-05,-0.0011509249573100782,14.999999881935269
1701944396995194798,-1.5999785352115778e-05,-0.0011456428411916219,14.999999547762627
1701944396996896746,-1.7124332987837178e-05,-0.0011399104574396236,14.999999137580918
1701944396998270442,-1.807492896228194e-05,-0.0011352673908475242,14.999998775153681
1701944397000224475,-1.9494196133085156e-05,-0.0011286046601492012,14.999998226785188
1701944397002152397,-2.096635710393619e-05,-0.0011219433705989927,14.999997665768817
1701944397004045408,-2.2468865418501146e-05,-0.0011153095448739997,14.999997113872189
1701944397005376141,-2.354843731100774e-05,-0.001110595696773803,14.999996732554148
1701944397006771727,-2.4687912252671284e-05,-0.0011056182081854956,14.999996341065003
1701944397008065090,-2.5738332514347626e-05,-0.0011009895824551387,14.999995984276282
1701944397009367974,-2.6780505520611873e-05,-0.0010963242087761393,14.999995626651364
1701944397010853247,-2.7938963725826856e-05,-0.0010910194233815958,14.999995216617586
1701944397011872822,-2.8713185300771578e-05,-0.001087393099142524,14.999994932371
1701944397013622877,-3.0003147056953455e-05,-0.001081205668455389,14.999994439314682
1701944397015077793,-3.104282960959663e-05,-0.001076099178161165,14.999994026235761
1701944397016459723,-3.201034742027957e-05,-0.001071280933778426,14.99999363339802
1701944397017463998,-3.270639021744913e-05,-0.001067796472052496,14.999993347973657
1701944397019247155,-3.394107093488772e-05,-0.0010616331431347033,14.999992838420042
1701944397020445061,-3.477489145143077e-05,-0.0010575024481625655,14.999992491242676
1701944397021849926,-3.576311430492711e-05,-0.0010526588056812378,14.999992073171013
1701944397023383392,-3.685910304945035e-05,-0.0010473613965538114,14.999991595511606
1701944397024733302,-3.784023352139687e-05,-0.0010426846899306548,14.999991150184648
1701944397025949054,-3.8736401090738255e-05,-0.0010384611310769697,14.999990724796042
1701944397027161176,-7.333547614660207e-12,-0.002386449703385326,15.000000000011092
1701944397029281718,-3.154340143826054e-08,-0.002422554331662031,14.999999903951018
1701944397030922443,-6.64223720690728e-08,-0.002440310400064531,14.999999787703569
1701944397032231351,-9.673919456107677e-08,-0.002454469905362653,14.999999665811243
1701944397034128209,-1.3189377747294708e-07,-0.0024749866258341447,14.999999450914371
1701944397036238949,-1.451263806594173e-07,-0.002497816012195646,14.999999164817567
1701944397037569782,-1.3415456984207754e-07,-0.0025122113215332374,14.999998959928437
1701944397038962355,-1.0400278796075765e-07,-0.0025272763023342143,14.999998723337155
1701944397039971962,-7.076535716967142e-08,-0.0025382010504814297,14.99999853547671
1701944397041683528,1.2700637240912908e-09,-0.0025567256747362314,14.999998178785601
1701944397042984575,6.443564464374124e-08,-0.0025708193810390035,14.999997871487235
1701944397044261604,1.2802696096379665e-07,-0.0025846686862905084,14.999997535916984
1701944397045547250,1.8930825208088697e-07,-0.002598626652813728,14.999997162515669
1701944397046826210,2.4472426539857664e-07,-0.002612532725846474,14.999996755729795
1701944397048178578,2.9603971151881706e-07,-0.0026272618906293295,14.999996288966225
1701944397049460317,3.382184720897124e-07,-0.0026412376356493754,14.999995814345208
1701944397050799461,3.7752801649602733e-07,-0.002655850222245527,14.999995287727968
1701944397052050108,4.1223368362061225e-07,-0.002669506925845119,14.999994769568728
1701944397053333211,4.4814471195084465e-07,-0.0026835196895481266,14.999994213543467
1701944397054534893,4.83263294780539e-07,-0.0026966401534747027,14.999993671623317
1701944397055919824,5.255771563542872e-07,-0.002711756099017882,14.999993022491926
1701944397057215682,5.655751434096288e-07,-0.002725889289200894,14.999992391776349
1701944397058474105,6.021512902868117e-07,-0.002739602294951511,14.99999175793877
1701944397060035915,6.395141132530753e-07,-0.002756602436757303,14.999990942837355
1701944397061729385,6.649355394859043e-07,-0.002775006758119396,14.999990025371574
1701944397063371269,6.715502231363428e-07,-0.0027928203278259115,14.999989105007629
1701944397064705999,6.632737800638442e-07,-0.002807285375221723,14.999988336329393
1701944397065898920,6.460301487911835e-07,-0.0028201985977167592,14.99998763600515
1701944397067195156,6.179382130854894e-07,-0.0028342228679496743,14.999986862958014
1701944397068401647,5.843783361515972e-07,-0.0028472697628294757,14.999986134414417
1701944397070190459,5.248752897948501e-07,-0.0028666136626731105,14.999985041334881
1701944397071428008,4.79055558328386e-07,-0.0028799976261858727,14.999984277086948
1701944397072702408,4.308184527265221e-07,-0.0028937803845289043,14.999983483634495
1701944397073969834,3.842901899863788e-07,-0.002907490053258222,14.999982687811022
1701944397075435356,3.342791377664304e-07,-0.0029233443167936968,14.999981759429678
1701944397076632675,2.9683410614533604e-07,-0.0029362978471114795,14.999980995154687
1701944397078018323,2.5763450417901405e-07,-0.0029512901915424612,14.999980105904571
1701944397079470331,2.2310426757743165e-07,-0.0029670016942946,14.999979170662959
1701944397080838385,2.0026408622170118e-07,-0.002981807287207014,14.999978287224627
1701944397082280249,1.919666599734022e-07,-0.002997411009340879,14.999977352953339
1701944397083556056,2.0309242883411196e-07,-0.003011216301308242,14.999976521046959
1701944397084912750,2.3923090319970766e-07,-0.0030258907959097585,14.999975626965167
1701944397086254777,3.0331901332665123e-07,-0.003040391694495711,14.9999747289484
1701944397087583524,3.959370436977167e-07,-0.0030547305719605166,14.999973822658186
1701944397088946001,5.19543137111306e-07,-0.003069414719423812,14.999972872812158
1701944397090815808,7.287287424272566e-07,-0.0030895333560690564,14.999971534495572
1701944397092487577,9.455717096889285e-07,-0.0031074980594602303,14.99997030539945
1701944397094236297,1.1904938636599513e-06,-0.003126274231231591,14.99996899158271
1701944397095788168,1.4144949093799962e-06,-0.0031429297337133523,14.999967806345918
1701944397097035061,1.5947154668825297e-06,-0.0031563129488363924,14.999966844066996
1701944397098237121,1.7672981363566096e-06,-0.0031692162477324148,14.999965910772769
1701944397099586647,1.961115001347198e-06,-0.0031837132231330536,14.999964858263017
1701944397101605046,2.256650542721941e-06,-0.0032054056631528154,14.999963278371256
1701944397103240097,2.5047966736346253e-06,-0.003222993019218415,14.999961993241463
1701944397104895686,2.766282760505619e-06,-0.003240812581495819,14.999960685803721
1701944397106363671,3.006593668151315e-06,-0.0032566250410464106,14.999959519362365
1701944397107732027,3.23614022500841e-06,-0.0032713700602281025,14.999958424692815
1701944397108989886,3.4499538472390467e-06,-0.0032849324761332244,14.999957410188033
1701944397110086789,3.636992250972487e-06,-0.00329676223275673,14.99995651742164
1701944397111584231,3.891792465872572e-06,-0.003312921873896941,14.99995528170515
1701944397112891726,4.114050866215692e-06,-0.0033270370261044577,14.999954183545738
1701944397114257074,4.347888468147267e-06,-0.0033417830685545423,14.99995301409931
1701944397115701016,4.599644618352403e-06,-0.003357381301009392,14.999951750099875
1701944397117233965,4.873528409013288e-06,-0.0033739463963778963,14.99995037704695
1701944397118521585,5.107895380172104e-06,-0.0033878608764286713,14.999949200699495
1701944397119989619,5.375329515214321e-06,-0.0034037196454652454,14.999947837989339
1701944397121499199,5.643333472856319e-06,-0.003420022762687484,14.999946417269333
1701944397123458580,5.966836275079954e-06,-0.0034411724042049236,14.99994455178467
1701944397125033737,-2.1811962627984647e-12,-0.0020455132699750893,14.99999999998511
1701944397126652302,-6.208155132276708e-08,-0.0020343892053611232,14.999999977422473
1701944397127907689,-1.2249109418798796e-07,-0.0020300185840596546,14.999999956250743
1701944397129103787,-2.0258169621772666e-07,-0.002025861209182158,14.999999929100085
1701944397130315496,-3.0719919206937044e-07,-0.0020216594199821652,14.999999893243022
1701944397131615539,-4.452726370102701e-07,-0.002017162466020982,14.999999843683264
1701944397133123781,-6.37679124475874e-07,-0.0020119597175423747,14.999999770319395
1701944397134496418,-8.424586103109722e-07,-0.002007236801733752,14.999999688703246
1701944397135844560,-1.0717133606543675e-06,-0.0020026083341978056,14.999999596256043
1701944397137363718,-1.3646691395535655e-06,-0.0019974031927358213,14.999999480840808
1701944397138898321,-1.6979736832478895e-06,-0.0019921561718184043,14.99999935632247
1701944397140246728,-2.020385402779562e-06,-0.0019875548951345636,14.999999243788745
1701944397141692180,-2.393950053591784e-06,-0.0019826287396844506,14.999999123319965
1701944397143041403,-2.7665166979026576e-06,-0.001978036409180088,14.99999901329178
1701944397144459818,-3.1826073893741114e-06,-0.0019732144477514362,14.999998901380131
1701944397145768404,-3.5907378660323547e-06,-0.001968771430132365,14.999998801327283
1701944397147055726,-4.01922400057402e-06,-0.001964408089186547,14.999998704726446
1701944397148299253,-4.464383110597487e-06,-0.0019601992898483213,14.999998611763386
1701944397149683436,-5.003039410615415e-06,-0.001955520349283579,14.999998507955585
1701944397151217543,-5.65862473617291e-06,-0.0019503374609141087,14.99999839399655
1701944397153085042,-6.540402930365976e-06,-0.0019440183782115136,14.999998263157265
1701944397154915698,-7.486138466099656e-06,-0.0019377980334241045,14.9999981527224
1701944397156624929,-8.428450097025754e-06,-0.001931953083551261,14.999998075225662
1701944397157943928,-9.184224953679372e-06,-0.0019274108535339081,14.999998037437978
1701944397159278187,-9.963009209028223e-06,-0.0019227858663285534,14.99999802108963
1701944397160547366,-1.0708125447794203e-05,-0.0019183619232270085,14.999998024815076
1701944397161770323,-1.1423284761483642e-05,-0.0019140829748622108,14.999998042302689
1701944397163084409,-1.218360083442338e-05,-0.0019094784196757094,14.999998069692419
1701944397164288717,-1.2871813437183592e-05,-0.0019052594220591219,14.999998096452979
1701944397165789289,-1.372046150609779e-05,-0.0019000067266432212,14.999998124114947
1701944397167142929,-1.4481440556194464e-05,-0.0018952710207235566,14.999998139497098
1701944397168403490,-1.5190752761375211e-05,-0.001890857564952791,14.999998144144886
1701944397169746277,-1.595206194988325e-05,-0.0018861483141265974,14.999998139534984
1701944397170982325,-1.6662663408171836e-05,-0.001881804807557383,14.999998128390164
1701944397172325261,-1.7450563349990362e-05,-0.0018770798879060098,14.999998111534689
1701944397173636321,-1.8240138610974385e-05,-0.0018724652125925436,14.99999809313597
1701944397174922358,-1.903735046825429e-05,-0.0018679394275487656,14.999998076276798
1701944397176229177,-1.9872006079190027e-05,-0.001863341019514834,14.999998063705014
1701944397177520316,-2.0721153861470613e-05,-0.0018587939747436682,14.999998058756773
1701944397178884413,-2.164427054774032e-05,-0.0018539762863670475,14.999998063303167
1701944397179970784,-2.239741272272718e-05,-0.001850124003361712,14.999998073352714
1701944397181528906,-2.350367374852692e-05,-0.0018445614813040094,14.9999980915171
1701944397182856582,-2.4469200457404405e-05,-0.0018397825096300008,14.999998103387574
1701944397185056333,-2.6113231029326606e-05,-0.001831788779962433,14.999998093629701
1701944397186903956,-2.753686131940184e-05,-0.0018250131080870605,14.999998043651491
1701944397188131372,-2.850478685888636e-05,-0.001820488392594046,14.999997984088214
1701944397189406521,-2.952930084586506e-05,-0.0018157747376912796,14.999997898387653
1701944397190600375,-3.050512831623406e-05,-0.0018113544690931554,14.999997797868108
1701944397191842241,-3.153674864172322e-05,-0.0018067477633717248,14.999997676594756
1701944397193055378,-3.256018480202578e-05,-0.001802237770933409,14.999997546688167
1701944397194250523,-3.358435310226182e-05,-0.001797781689839986,14.99999741225172
1701944397195641286,-3.4798178953695864e-05,-0.0017925801493698442,14.999997251581323
1701944397196804968,-3.583481932604019e-05,-0.001788216357753363,14.999997113972778
1701944397198174816,-3.70833238041253e-05,-0.0017830746295081745,14.999996945110038
1701944397199404183,-3.823266999781536e-05,-0.001778461460101181,14.9999967825349
1701944397200576416,-3.935494634019585e-05,-0.0017740718647466795,14.99999661297625
1701944397201734216,-4.0489799644093506e-05,-0.0017697454162471711,14.999996427952173
1701944397202902565,-4.16609134002521e-05,-0.0017653906012663355,14.999996222182656
1701944397204155820,-4.2946159741624874e-05,-0.001760725882199327,14.999995980652136
1701944397205206540,-4.404579157137989e-05,-0.0017568176363386928,14.999995763078696
1701944397206335093,-4.5247608012661806e-05,-0.0017526190684616094,14.999995516227614
1701944397207828863,-4.686729050506015e-05,-0.0017470574317073806,14.999995171417934
1701944397209080218,-4.82456190841269e-05,-0.0017423950683597594,14.99999486797519
1701944397210302320,-4.960630283810463e-05,-0.0017378419568671811,14.99999455899684
1701944397211304010,-5.073010493432027e-05,-0.0017341119295050042,14.9999942956383
1701944397212627489,-5.2225325728339804e-05,-0.0017291858601581826,14.999993930599063
1701944397214423348,-5.4273456809798335e-05,-0.001722502780807225,14.999993396826731
1701944397216016380,-5.6110159458737165e-05,-0.0017165729017341333,14.9999928798152
1701944397217520266,-5.786439642425664e-05,-0.0017109674840395175,14.999992349022293
1701944397219241949,-5.990028287938604e-05,-0.0017045409256344413,14.999991688028862
1701944397220517387,-6.143029991547329e-05,-0.0016997746789239369,14.999991162170916
1701944397221835537,-6.303399893092717e-05,-0.0016948501318340466,14.999990588723257
1701944397223232211,-6.476171521128722e-05,-0.0016896413939792262,14.999989951028052
1701944397224499296,-6.635762924318462e-05,-0.0016849297858642358,14.999989348362966
1701944397225768496,-6.798651710882356e-05,-0.001680224797065963,14.999988723658223
1701944397227265691,-6.994757752683595e-05,-0.0016746940961280586,14.999987961759462
1701944397228713550,-5.0789873744456e-12,-0.002727329011499683,15.00000000001841
1701944397230043537,-7.101693983959711e-08,-0.0027456146466627042,14.999999954944444
1701944397231601074,-1.7102530111712196e-07,-0.0027558755405883853,14.99999989065407
1701944397233040196,-2.9801678068691046e-07,-0.002765355599855878,14.999999807525693
1701944397234178875,-4.1966315470996003e-07,-0.002772853268488063,14.999999726805921
1701944397235513039,-5.827705953818316e-07,-0.00278163561836096,14.999999617162775
1701944397236835286,-7.630627051161007e-07,-0.0027903409526214454,14.999999493741857
1701944397238087591,-9.476907677564204e-07,-0.0027985926415620517,14.99999936412786
1701944397239342539,-1.1429453726962189e-06,-0.0028068700504768744,14.99999922266632
1701944397240598343,-1.3456321440949937e-06,-0.0028151667532518632,14.999999070662632
1701944397241883792,-1.5577165819756143e-06,-0.002823667344127068,14.999998906001439
1701944397243167648,-1.7720498895640676e-06,-0.002832164502637923,14.999998733772268
1701944397244351196,-1.970834585624411e-06,-0.0028399982338200127,14.999998568791609
1701944397246108826,-2.269508809110244e-06,-0.002851627299274931,14.999998312870222
1701944397248135599,-2.625509454936636e-06,-0.0028650292339033236,14.9999980010496
1701944397249477458,-2.8730072150374116e-06,-0.0028738995876562198,14.999997784559167
1701944397250838437,-3.1389089310850104e-06,-0.0028829005168585003,14.999997556807623
1701944397252767918,-3.5474172595807492e-06,-0.0028956715450226297,14.999997219837564
1701944397254073201,-3.846368110074695e-06,-0.0029043234263646297,14.999996981804719
1701944397255390294,-4.166928740676671e-06,-0.0029130634329398385,14.999996731765544
1701944397256499687,-4.451239115426981e-06,-0.0029204295308800986,14.999996511883293
1701944397257825748,-4.806874639157372e-06,-0.0029292382308454463,14.99999623538182
1701944397259150244,-5.176788867957493e-06,-0.0029380373124648367,14.999995942199307
1701944397260300335,-5.5071471225753164e-06,-0.0029456784202768547,14.999995672163848
1701944397261712329,-5.919484432913473e-06,-0.002955057489567298,14.99999531839839
1701944397262964600,-6.287748941919523e-06,-0.002963373266607999,14.999994981368843
1701944397264433146,-6.718488737486493e-06,-0.002973122119286744,14.999994553390868
1701944397265792209,-7.11343674964462e-06,-0.002982136633718758,14.999994121620492
1701944397267235060,-7.527745639339616e-06,-0.002991699509975501,14.999993620941021
1701944397268554104,-7.90229484341027e-06,-0.003000434437144967,14.999993121805447
1701944397269492122,-8.16664714765247e-06,-0.0030066409172278333,14.999992741299353
1701944397271261080,-8.661773963590935e-06,-0.0030183397070595794,14.999991962335017
1701944397272576771,-9.027381914595811e-06,-0.003027040042777677,14.999991329770223
1701944397273737296,-9.348276224988145e-06,-0.003034713257320765,14.999990734032755
1701944397275439048,-9.818996788104372e-06,-0.0030459711686424474,14.999989797081382
1701944397276933184,-1.023597394838893e-05,-0.003055860270731722,14.999988914401198
1701944397278867757,-1.0788754003716462e-05,-0.003068668983094787,14.999987692864744
1701944397280213604,-1.1185861723687973e-05,-0.003077581401397422,14.999986792869322
1701944397281485214,-1.1573704969397172e-05,-0.003086000983255669,14.999985905534956
1701944397282449321,-1.1877143299869285e-05,-0.0030923799726477325,14.999985208365812
1701944397284199264,-1.2450936223672458e-05,-0.003103951483194693,14.999983882907033
1701944397285874950,-1.3028547795725344e-05,-0.0031150188042895362,14.999982535342536
1701944397287176898,-1.34963992079953e-05,-0.003123610797010698,14.999981430577407
1701944397288152442,-1.3857828569776771e-05,-0.0031300454350108886,14.9999805675319
1701944397289385262,-1.4328031571896753e-05,-0.0031381739284657966,14.999979432481924
1701944397290839144,-1.4902797281298706e-05,-0.003147756579627293,14.999978031444357
1701944397291916664,-1.5344410736872432e-05,-0.0031548562604558315,14.999976951703312
1701944397293535390,-1.603908033431613e-05,-0.003165522397011717,14.99997526918045
1701944397294613342,-1.652558515032556e-05,-0.0031726240656373005,14.999974111451237
1701944397296421031,-1.7390990759865142e-05,-0.0031845353311407546,14.999972107598042
1701944397298035233,-1.8216962819445092e-05,-0.0031951714772937754,14.999970254193208
1701944397299224298,-1.8856199200911538e-05,-0.003203005803644585,14.999968850442364
1701944397300731984,-1.9700623342036368e-05,-0.003212927685451203,14.99996702491884
1701944397302155306,-2.053138574788047e-05,-0.0032222798760144227,14.999965255002175
1701944397303307800,-2.122814791864048e-05,-0.003229837555766475,14.999963790184452
1701944397305312691,-2.249504123500184e-05,-0.0032429490358037373,14.999961178796637
1701944397307543236,-2.3991041888510416e-05,-0.0032574872611557918,14.999958182922155
1701944397309098614,-2.5090623859064528e-05,-0.003267598196513263,14.999956038771167
1701944397310700159,-2.6273639741103558e-05,-0.003277990812458262,14.999953783476682
1701944397311832525,-2.7142753157424328e-05,-0.003285329912778492,14.999952159089627
1701944397313340901,-2.834594959713241e-05,-0.00329509733369136,14.99994995581673
1701944397314547111,-2.9346680232221807e-05,-0.003302897157415992,14.999948162123339
1701944397315932352,-3.053732354807253e-05,-0.0033118392556514237,14.999946067922101
1701944397317158635,-3.162379035081231e-05,-0.0033197384431587515,14.999944183857547
1701944397318888264,-3.319146027005386e-05,-0.0033308438597052783,14.9999414801118
1701944397320276754,-3.446726358047474e-05,-0.0033397302931490996,14.9999392703536
1701944397321542057,-3.563167671048385e-05,-0.0033478060246791095,14.999937227533499
1701944397322918591,1.051512171199075e-11,-0.0027273302232758943,15.00000000001896
1701944397324425679,2.261562570648218e-08,-0.002727287361818011,14.999999933867871
1701944397325895263,5.237745786195596e-08,-0.0027272342671938493,14.999999850613749
1701944397327299343,9.195524921702345e-08,-0.002727167271578186,14.999999742385546
1701944397328584209,1.3440569659550059e-07,-0.0027270931956832932,14.999999620158405
1701944397330185900,1.8929632009174264e-07,-0.002726984246917101,14.999999438158204
1701944397331434060,2.2997851691975942e-07,-0.0027268873983755564,14.999999274374028
1701944397333224672,2.804345356050485e-07,-0.002726735875055671,14.99999900793915
1701944397334752047,3.151993175844083e-07,-0.0027266028480795418,14.999998753546851
1701944397335901458,3.374403453636843e-07,-0.002726507303236682,14.999998547461452
1701944397337701000,3.7165909215382724e-07,-0.0027263785748544507,14.999998204459283
1701944397339709321,4.1803806941665544e-07,-0.0027262717202687897,14.999997799162461
1701944397345198439,6.47305676316398e-07,-0.0027261556385279944,14.999996626022186
1701944397346627680,7.353119785728205e-07,-0.0027261611845931567,14.9999963101032
1701944397347982344,8.30024870606622e-07,-0.002726170391570932,14.999996010778075
1701944397349375430,9.361562685618812e-07,-0.0027261764178856196,14.999995703562346
1701944397350784164,1.0481369928474799e-06,-0.0027261745490937436,14.999995390845196
1701944397352172797,1.1587413226115887e-06,-0.0027261644240331494,14.999995075324604
1701944397353688482,1.2753561215595462e-06,-0.0027261466075761925,14.999994715536756
1701944397355200792,1.3841848150235546e-06,-0.0027261247092354697,14.999994333909164
1701944397356423818,1.4649340161551962e-06,-0.0027261047547467374,14.999994005666865
1701944397358126685,1.56450250381514e-06,-0.002726071220166977,14.99999351849319
1701944397359552451,1.6364062352249001e-06,-0.0027260341695675818,14.999993085883592
1701944397361034443,1.7027707397394605e-06,-0.0027259816015956896,14.99999261751147
1701944397362586518,1.7689743962342256e-06,-0.0027259069584645184,14.999992112755793
1701944397363951574,1.8299507530133838e-06,-0.0027258243498578193,14.999991660744165
1701944397365341371,1.8986884674354079e-06,-0.002725728074051533,14.999991194858675
1701944397366928124,1.9856739602985858e-06,-0.002725613440341642,14.999990655664446
1701944397368520585,2.0779765177165383e-06,-0.0027255062484019417,14.99999010534424
1701944397370489903,2.18981798234613e-06,-0.0027254021555109514,14.999989410765531
1701944397372238611,2.2807648746038613e-06,-0.0027253445342307944,14.999988781974245
1701944397373810484,2.353321946509522e-06,-0.00272532108336089,14.999988210306498
1701944397375116351,2.407638004315519e-06,-0.002725317704219406,14.999987734611816
1701944397376582104,2.4653997552306308e-06,-0.002725323597198599,14.999987205627198
1701944397378009400,2.5232576762580675e-06,-0.002725333110337169,14.999986700877697
1701944397379332906,2.584220543812099e-06,-0.0027253425196108235,14.999986245477691
1701944397380813590,2.6687334549995653e-06,-0.002725354401354422,14.999985752975569
1701944397382324339,2.7799992113061663e-06,-0.0027253717321420834,14.999985268774333
1701944397383748840,2.9123253971924096e-06,-0.0027253974030602653,14.999984827625743
1701944397385299436,3.0875943368673546e-06,-0.0027254400899262557,14.999984361043577
1701944397386712254,3.2731602570902005e-06,-0.0027254941070017254,14.999983944936107
1701944397387945533,3.4513964883207672e-06,-0.00272555255109661,14.999983585288922
1701944397389531287,3.694565438130862e-06,-0.0027256399592902845,14.999983121612665
1701944397390908208,3.91099339224259e-06,-0.0027257241779435285,14.999982713011475
1701944397392173058,4.106488900095033e-06,-0.0027258065685798194,14.99998232866135
1701944397393430737,4.290442571693996e-06,-0.002725893114234928,14.99998193474529
1701944397394707447,4.460440819115881e-06,-0.002725986837636754,14.999981520518887
1701944397396071642,4.61926541348694e-06,-0.0027260953024367774,14.999981060318886
1701944397397377652,4.748169271787811e-06,-0.0027262083821577086,14.99998060223911
1701944397398921721,4.872877499466266e-06,-0.002726353740824376,14.999980039234629
1701944397400551288,4.974723604669589e-06,-0.0027265186724928915,14.999979421286852
1701944397402561823,5.060969096895489e-06,-0.002726732024904776,14.999978627876107
1701944397404022739,5.096346508516022e-06,-0.0027268892346454343,14.99997803123277
1701944397405488747,5.107645557363879e-06,-0.0027270447522908412,14.999977416143448
1701944397406691795,5.098277904028711e-06,-0.0027271700723773217,14.999976899173488
1701944397407807179,5.074973308264514e-06,-0.002727286530318444,14.999976409544601
1701944397409201455,5.028089091793316e-06,-0.0027274388401883026,14.999975781926327
1701944397410375370,4.975637894302358e-06,-0.0027275781078842866,14.999975238469359
1701944397411886849,4.895269926393034e-06,-0.0027277789301388623,14.999974514805132
1701944397413362882,4.8066554836504125e-06,-0.00272800094253876,14.999973777771308
1701944397414690680,4.720285017172192e-06,-0.0027282218524626845,14.9999730849385
1701944397416023987,4.626939292157059e-06,-0.002728461252280902,14.9999723573594
1701944397417303810,4.529000171182199e-06,-0.002728704842319451,14.999971627568996
1701944397418717198,4.407226261648713e-06,-0.002728986605921205,14.999970787410225
1701944397420160445,4.262943814860851e-06,-0.0027292851318823108,14.999969896765187
1701944397421617238,4.091429903839334e-06,-0.002729593085025198,14.999968971095651
1701944397422939773,3.909072984247299e-06,-0.0027298733074034654,14.999968113538339
1701944397424373311,3.67927822472763e-06,-0.0027301707989105966,14.999967171956898
1701944397425720325,3.4315567554475013e-06,-0.0027304384555489093,14.999966280889597
1701944397427079110,3.151039972694164e-06,-0.0027306918535989987,14.999965379679168
1701944397428348209,2.8640702277215305e-06,-0.0027309101125026942,14.9999645390443
1701944397429821566,2.5066814865560073e-06,-0.0027311386627392998,14.999963566520206
1701944397431790622,2.0005663501473525e-06,-0.002731401775557168,14.999962272843726
1701944397433661456,1.5009369668563411e-06,-0.002731609503186123,14.999961049478904
1701944397435963972,2.1592933997582488e-11,-0.002727329729570913,14.999999999993856
1701944397437451897,-7.406673976050341e-09,-0.0027272639208726604,15.000000008485523
1701944397438728400,-1.1635356003656002e-08,-0.0027272138199080837,15.000000015244563
1701944397439973499,-1.2768264281436296e-08,-0.0027271552484910803,15.00000002407908
1701944397441166144,-8.18265175231993e-09,-0.0027270925865970513,15.000000035248679
1701944397442316071,4.083187857469e-09,-0.0027270278795049814,15.000000049404958
1701944397443824801,3.46622800369963e-08,-0.002726939005169964,15.000000074736988
1701944397445136448,7.5045097925416e-08,-0.0027268597633654666,15.000000104229935
1701944397446337521,1.2195777279958336e-07,-0.0027267870754067477,15.000000138259232
1701944397447856907,1.904620251681612e-07,-0.002726696851006617,15.0000001925218
1701944397449202257,2.546326637493345e-07,-0.0027266199897032586,15.000000252988436
1701944397450273282,3.041078994431209e-07,-0.002726561807876086,15.000000311343653
1701944397451707077,3.6273908403054855e-07,-0.002726489494731211,15.000000406605956
1701944397452963445,4.045086241578268e-07,-0.002726432039144974,15.000000507443088
1701944397454233289,4.366679837694915e-07,-0.0027263795051140267,15.000000625735435
1701944397455555424,4.5986255161514453e-07,-0.0027263298029050766,15.000000764565387
1701944397456935723,4.742897030313007e-07,-0.0027262815000418153,15.000000923883604
1701944397458572874,4.805923711935547e-07,-0.002726225358120952,15.000001128850775
1701944397459821912,4.785245239924728e-07,-0.0027261803656482954,15.000001295942718
1701944397461287276,4.689824070854313e-07,-0.0027261200776925393,15.000001503692195
1701944397462934922,4.479929150960996e-07,-0.002726036252111472,15.000001752622127
1701944397464684914,4.1001785922256064e-07,-0.0027259225418994376,15.000002034346416
1701944397466174972,3.599259386909329e-07,-0.0027258034305907538,15.000002287431505
1701944397467487597,2.9710391893165345e-07,-0.002725682576610053,15.000002519417217
1701944397469039570,1.9358254950735656e-07,-0.0027255251280019596,15.000002803339115
1701944397470297147,8.296268227156743e-08,-0.0027253900378803307,15.000003040221761
1701944397471541287,-5.216141824056516e-08,-0.002725253247122549,15.000003280467025
1701944397472997939,-2.4307911633453196e-07,-0.0027250918219323926,15.00000356994022
1701944397474161310,-4.2004401436028594e-07,-0.0027249625253022375,15.000003808800273
1701944397475813346,-7.056180066224562e-07,-0.002724778327109925,15.000004161994628
1701944397477007118,-9.351265338535101e-07,-0.0027246445153863903,15.000004428103273
1701944397478447652,-1.2344838838459893e-06,-0.002724482149826219,15.000004761129517
1701944397479741126,-1.5208965484268662e-06,-0.002724335960272568,15.000005070439178
1701944397480925172,-1.7942686377068778e-06,-0.0027242024037881555,15.000005361063204
1701944397482205631,-2.09780718691356e-06,-0.002724058490250594,15.000005681838603
1701944397483599933,-2.433289065452993e-06,-0.002723901698637425,15.00000603645987
1701944397484862124,-2.7391315755555236e-06,-0.0027237583464335313,15.000006360345521
1701944397486251242,-3.0778858506276776e-06,-0.0027235971310609662,15.000006718174806
1701944397487582817,-3.406917413517403e-06,-0.00272343772022258,15.000007061618003
1701944397488846716,-3.7271341057407966e-06,-0.002723280736708927,15.000007387921809
1701944397490085859,-4.053537572124705e-06,-0.0027231201991423375,15.00000770860917
1701944397491250026,-4.376072974998043e-06,-0.002722962022831307,15.00000801151553
1701944397492695955,-4.803522736603759e-06,-0.002722753419067195,15.000008391691381
1701944397494714887,-5.455448598503267e-06,-0.002722436487928314,15.000008933655163
1701944397496331960,-6.024752463449545e-06,-0.002722160614758289,15.000009380332408
1701944397497651051,-6.519244861021988e-06,-0.002721922603632099,15.000009755966698
1701944397499154421,-7.113015043014937e-06,-0.002721641589267828,15.000010199594398
1701944397500680548,-7.74555414465787e-06,-0.002721351495389357,15.000010668556289
1701944397502272029,-8.433143175121433e-06,-0.0027210505250789357,15.00001117627338
1701944397503915561,-9.168576391647825e-06,-0.0027207468683808976,15.000011715666727
1701944397505365462,-9.835551029375672e-06,-0.002720486756436537,15.00001219918339
1701944397507603444,-1.0892388285871846e-05,-0.0027200967621470846,15.000012949979896
1701944397509101184,-1.1615828588336757e-05,-0.0027198398654384687,15.000013452743962
1701944397510569523,-1.2336009418055137e-05,-0.0027195855017538555,15.000013945313912
1701944397512125470,-1.311000156481532e-05,-0.0027193068929657065,15.000014468463164
1701944397513175891,-1.3638673108320965e-05,-0.002719110740984396,15.000014823825586
1701944397514514297,-1.4318905177324431e-05,-0.0027188495121689303,15.000015281244714
1701944397515751001,-1.495357120454522e-05,-0.00271859785778073,15.000015709424293
1701944397517136067,-1.5670377243777016e-05,-0.002718308541611594,15.000016194757533
1701944397518622856,-1.6446387972237617e-05,-0.002717995573610441,15.000016720650239
1701944397519941741,-1.714166180661199e-05,-0.0027177203819964244,15.00001718975363
1701944397521424326,-1.793394864256591e-05,-0.0027174165325173027,15.000017717784106
1701944397522783688,-1.8673671461595048e-05,-0.0027171423456540753,15.00001820086541
1701944397524793374,-1.9796299969222054e-05,-0.0027167393818800178,15.00001890947341
1701944397526247486,-2.063321553603243e-05,-0.0027164460063249726,15.000019417151275
1701944397528002968,-2.167526486081241e-05,-0.0027160851049730394,15.000020025968954
1701944397529240544,-2.2432461671334183e-05,-0.0027158245701006975,15.000020455077534
1701944397530252524,-2.3066069189062525e-05,-0.0027156071638487723,15.000020808404143
1701944397531835771,1.0296563653918811e-11,-0.0013636360900036702,15.000000000006244
1701944397533389574,-6.215007967840639e-08,-0.0013189964353570456,15.000000024404063
1701944397534817552,-1.309041654671213e-07,-0.0012986677443278755,15.000000052221557
1701944397536814078,-2.660187189467805e-07,-0.0012702384696634456,15.000000109840522
1701944397538142710,-3.7940051750326695e-07,-0.0012513179369133761,15.00000015996038
1701944397539730436,-5.370265307124808e-07,-0.0012287097809424124,15.000000231049148
1701944397541205270,-7.030551389849116e-07,-0.0012077182632127693,15.00000030653803
1701944397542713979,-8.898809597944169e-07,-0.0011862462708825668,15.000000391531598
1701944397543998490,-1.060005809058164e-06,-0.0011679679952897397,15.000000469434989
1701944397545395051,-1.2535270583121353e-06,-0.001148100117808331,15.000000560409031
1701944397546613142,-1.4276769134051629e-06,-0.0011307773893102081,15.000000646297751
1701944397547549234,-1.5639751485684458e-06,-0.0011174695544895867,15.000000717508742
1701944397549258762,-1.8169721119326306e-06,-0.0010931761764137642,15.000000862470847
1701944397550603553,-2.019659262409657e-06,-0.0010740735631108245,15.000000991886187
1701944397551873709,-2.2147748731098485e-06,-0.001056042267055481,15.00000112817031
1701944397553043292,-2.398889664508549e-06,-0.0010394419219712933,15.000001266667006
1701944397554611881,-2.654959920100451e-06,-0.0010171875395034286,15.000001472525257
1701944397556129722,-2.9152427136064335e-06,-0.0009956593574830682,15.000001693601222
1701944397558314624,-3.3176687502043627e-06,-0.0009646753672054017,15.000002048296725
1701944397559850801,-3.624236660861288e-06,-0.0009428936007889865,15.000002321708111
1701944397561158279,-3.904233836143818e-06,-0.0009243534034263525,15.000002567436319
1701944397562164183,-4.1335590250287835e-06,-0.0009100883286154504,15.000002762452255
1701944397563977172,-4.581500035826048e-06,-0.000884368789422291,15.000003121233533
1701944397565408847,-4.968194780180567e-06,-0.0008640542688750769,15.000003409085924
1701944397566602792,-5.31389259689831e-06,-0.0008471116181386634,15.000003652204123
1701944397567936945,-5.726515613137525e-06,-0.0008281713816907253,15.000003929734053
1701944397569213793,-6.148885416022986e-06,-0.0008100393874661782,15.000004204603556
1701944397570305003,-6.532598184917658e-06,-0.000794542051771977,15.000004449421406
1701944397572192404,-7.2498157661252536e-06,-0.0007677356523315319,15.00000489932652
1701944397573654005,-7.853237265151185e-06,-0.0007469752368410756,15.000005271902662
1701944397575080687,-8.482310053085605e-06,-0.000726708191274008,15.000005655612032
1701944397576396972,-9.095634968472823e-06,-0.0007080084482967033,15.000006025885854
1701944397577812122,-9.786613241154513e-06,-0.0006879018168086034,15.000006439423876
1701944397579146177,-1.04643776964576e-05,-0.0006689478919581168,15.000006842151041
1701944397580486703,-1.1168596767460974e-05,-0.0006498949416720211,15.000007258138936
1701944397581753942,-1.1854155197514898e-05,-0.000631880231642061,15.00000766061821
1701944397583255189,-1.2691373374390573e-05,-0.0006105298903380614,15.000008147409511
1701944397584788252,-1.3575601949029443e-05,-0.0005887219466233553,15.000008653411355
1701944397586528947,-1.4618514533954482e-05,-0.0005639544009428368,15.000009236163242
1701944397588843371,-1.6075562834606457e-05,-0.0005310181759656904,15.000010022382343
1701944397590741264,-1.7335322008123856e-05,-0.0005040038315025632,15.000010677692778
1701944397592125009,-1.8293411835492727e-05,-0.0004843024654437308,15.000011163189782
1701944397593264042,-1.910814984530821e-05,-0.00046808064622753026,15.000011569285377
1701944397594526511,-2.0038636259395688e-05,-0.00045009957426250645,15.000012028152916
1701944397595829476,-2.1029122261974604e-05,-0.00043153644548952466,15.000012513813694
1701944397597101852,-2.202557874431688e-05,-0.000413403472425083,15.000013002081907
1701944397598323845,-2.3009311447316504e-05,-0.00039598690531889475,15.000013485389648
1701944397599756305,-2.4196253772691e-05,-0.0003755655963943718,15.000014070722717
1701944397600987459,-2.524656843651198e-05,-0.00035801011505325693,15.00001458990397
1701944397602199659,-2.630962971369917e-05,-0.00034072382783534826,15.00001511508239
1701944397603595912,-2.7572122456619995e-05,-0.00032080439485011094,15.000015736293536
1701944397604875997,-2.8765334443183047e-05,-0.0003025377776343467,15.000016319259453
1701944397606091815,-2.9928569201109188e-05,-0.000285180980578857,15.000016882348657
1701944397607410279,-3.1218911074773463e-05,-0.00026634476329802245,15.000017499801814
1701944397608662968,-3.246809940316031e-05,-0.0002484321624185685,15.00001808976945
1701944397609833532,-3.365145623095917e-05,-0.00023168745805955478,15.00001864154616
1701944397611092477,-3.493948810646943e-05,-0.00021366233177890775,15.000019235436252
1701944397612298993,-3.618770343624127e-05,-0.00019638160347449163,15.000019806636399
1701944397613561256,-3.7510134750739685e-05,-0.0001782930852319546,15.000020410171667
1701944397614723455,-3.8745997874246276e-05,-0.00016162994307795193,15.000020974343201
1701944397615856162,-3.997120379651994e-05,-0.00014538610404912222,15.000021533700911
1701944397617356956,-4.163306100144666e-05,-0.0001238574845448955,15.000022289827116
1701944397619147666,-4.3681148809350365e-05,-9.816179446990283e-05,15.000023212829145
1701944397620884283,-4.5739832659408454e-05,-7.323652711246204e-05,15.000024127084954
1701944397622242000,-4.7400395071565537e-05,-5.3738154297418205e-05,15.000024853682454
1701944397623745343,-4.928900224221179e-05,-3.213764967141841e-05,15.00002566911116
1701944397625053907,-5.097261833728276e-05,-1.3328803995126553e-05,15.000026388134847
1701944397626299645,-5.260791488862518e-05,4.588732667823544e-06,15.000027081649343
1701944397627604300,-5.435310039139754e-05,2.3364657098536375e-05,15.000027818541152
1701944397628666497,-5.579809346640825e-05,3.865998420697678e-05,15.000028427223484
1701944397629854656,-5.743951794649025e-05,5.578116421635493e-05,15.000029118184688
1701944397631063943,-5.913535747638425e-05,7.321415857488775e-05,15.000029832833864
1701944397632279496,-6.0863678303732264e-05,9.074380944350113e-05,15.000030563437464
1701944397633148012,-6.211205438548223e-05,0.00010327291199406341,15.000031093227559
1701944397634726140,-6.440515240170831e-05,0.00012603652929632432,15.00003207154611
1701944397636096701,-6.642098330687674e-05,0.00014580407004831706,15.000032936595671
1701944397637473909,-6.846740151428308e-05,0.00016565809416281893,15.000033818649595
1701944397638800485,9.681001131496038e-12,1.0656268844221571e-10,15.000000000001405
1701944397640201113,-4.014688617426633e-08,3.475474295882299e-05,15.000000024471424
1701944397641592270,-9.14393093354124e-08,5.247298587601352e-05,15.000000056523028
1701944397642991494,-1.6381803367521862e-07,7.028983335091379e-05,15.000000104261057
1701944397644373011,-2.5583593724115046e-07,8.787666846657603e-05,15.000000168888421
1701944397645795177,-3.728408342520887e-07,0.00010598183134375373,15.00000025536987
1701944397647174209,-5.093118649285035e-07,0.00012353705732782283,15.000000358946481
1701944397649211615,-7.548530934506591e-07,0.00014947097448585726,15.000000545103655
1701944397650779316,-9.797509759770394e-07,0.00016941669411746116,15.000000712338236
1701944397653440141,-1.4291387839385752e-06,0.00020325108364321694,15.000001034403038
1701944397654709101,-1.6709529577032534e-06,0.00021937304700871856,15.000001202499078
1701944397656047006,-1.9408324351444015e-06,0.00023636606031005494,15.000001387112635
1701944397657365509,-2.217834322971426e-06,0.00025310527506312966,15.000001573849522
1701944397658671344,-2.5001382327973072e-06,0.00026968032403266106,15.000001760684043
1701944397660025148,-2.799972785699806e-06,0.0002868598861813549,15.00000195361661
1701944397661374762,-3.1067858402825307e-06,0.00030398297735646925,15.00000214365374
1701944397662671002,-3.4105025639889557e-06,0.0003204223666321234,15.000002324125141
1701944397664033287,-3.741441984616872e-06,0.0003376886804998819,15.000002513069163
1701944397665450457,-4.10121148228163e-06,0.0003556473706734123,15.000002710624486
1701944397666819080,-4.465858422627241e-06,0.0003729782749178224,15.000002902894073
1701944397668208692,-4.855492765898732e-06,0.00039056697747642013,15.000003098880162
1701944397669576076,-5.2591388131457086e-06,0.0004078718650421611,15.000003290916348
1701944397670854792,-5.654726602492178e-06,0.0004240481899283216,15.00000346833081
1701944397672259139,-6.108633762792909e-06,0.00044181341373261283,15.000003660142502
1701944397673639597,-6.573107574044561e-06,0.00045927846266084386,15.000003846033643
1701944397675023191,-7.054528195918907e-06,0.0004767849607464263,15.000004030830032
1701944397676441812,-7.562136176702135e-06,0.0004947393406829646,15.000004220194525
1701944397677647768,-8.002790554031432e-06,0.0005099988071822975,15.00000438214891
1701944397679187523,-8.575122808432201e-06,0.00052947738883884,15.000004592213733
1701944397680842123,-9.19977641502154e-06,0.0005504007629131226,15.000004824316123
1701944397682326931,-9.767436144620336e-06,0.0005691679092563678,15.00000503962333
1701944397683447306,-1.0200452553690496e-05,0.000583321487908413,15.000005206396642
1701944397685243110,-1.0907380147056238e-05,0.0006059990486983799,15.000005478071552
1701944397686779100,-1.1529404383930222e-05,0.0006253885210184331,15.000005710564333
1701944397688217726,-1.2131577556333001e-05,0.0006435479871207166,15.000005923778767
1701944397689403659,-1.2644724919682507e-05,0.0006585209435310553,15.000006093555092
1701944397690665360,-1.3208083927738861e-05,0.0006744470490998997,15.000006266276634
1701944397691702834,-1.3685032374376568e-05,0.0006875491594891466,15.000006401586088
1701944397693240142,-1.4413478217727293e-05,0.0007069672914704805,15.000006589864178
1701944397694317177,-1.493897936202764e-05,0.0007205753965919081,15.000006712677319
1701944397695609667,-1.558589756328476e-05,0.0007369142937046852,15.000006849973325
1701944397696857833,-1.622718925935239e-05,0.0007527048672901881,15.000006972432956
1701944397698110234,-1.688619924112382e-05,0.000768557470011728,15.000007085792811
1701944397699497013,-1.763315890612641e-05,0.0007861227559927237,15.000007200488907
1701944397700623005,-1.825219431892464e-05,0.0008003974339291872,15.000007284900642
1701944397701879063,-1.895423566034622e-05,0.0008163292556151392,15.000007368435288
1701944397703172097,-1.9688167708890437e-05,0.0008327423192965868,15.000007440640571
1701944397704459309,-2.042857066320587e-05,0.0008490845592420537,15.00000749646397
1701944397706236851,-2.1466654836032415e-05,0.0008716667645730927,15.000007544855533
1701944397708214841,-2.2642029096097433e-05,0.0008968009924903518,15.000007558881023
1701944397709828088,-2.3616172363840298e-05,0.0009173045328328657,15.000007539900679
1701944397711509325,-2.4646190221898313e-05,0.0009386648358172656,15.000007492339053
1701944397713180930,-2.56881817840868e-05,0.000959898496389387,15.000007417991396
1701944397714873454,-2.676694797390571e-05,0.000981383363587571,15.00000731557257
1701944397716142506,-2.7596944416673637e-05,0.0009974810442257827,15.000007220405275
1701944397717512108,-2.8521015685675744e-05,0.001014849764406464,15.000007098811096
1701944397719207983,-2.9715195041752117e-05,0.0010363450014318838,15.000006919582486
1701944397720670388,-3.079414304751256e-05,0.0010548768130111028,15.000006739341575
1701944397722002471,-3.181661649009122e-05,0.001071755619028882,15.000006555896968
1701944397723503821,-3.300897218812933e-05,0.001090783487182021,15.000006331268713
1701944397724927109,-3.416992132972226e-05,0.00110883184589918,15.000006106490979
1701944397726419109,-3.540748614457933e-05,0.0011277653560013807,15.000005866451438
1701944397727698533,-3.647747144873197e-05,0.0011440152372560956,15.00000566358045
1701944397729275531,-3.7798479510246864e-05,0.0011640646693593419,15.000005426737927
1701944397730596284,-3.890271684610717e-05,0.001180872750299268,15.000005245455933
1701944397732032233,-4.009845102218122e-05,0.0011991539472691434,15.000005071116526
1701944397733336240,-3.16468929512613e-12,9.472664321778096e-10,15.00000000001572
1701944397734747093,8.201232255501319e-09,-7.682389728335344e-09,15.000000045170234
1701944397736174071,1.7673213669536056e-08,-2.3748437966886884e-08,15.000000103624153
1701944397737591162,2.6460319315626406e-08,-5.625530009048742e-08,15.000000181637162
1701944397739123847,2.942240657385029e-08,-1.1585415458224119e-07,15.000000285262134
1701944397740722147,1.8264564949948696e-08,-2.0741458381759723e-07,15.000000414060723
1701944397742792616,-2.777231656527295e-08,-3.6672284681840513e-07,15.000000616430967
1701944397744485788,-9.626723891155938e-08,-5.235975226801739e-07,15.00000081659137
1701944397746072782,-1.8652278434016578e-07,-6.822316572283617e-07,15.000001037061063
1701944397747737018,-3.062312605639876e-07,-8.496000683886237e-07,15.000001305174994
1701944397749068842,-4.1844646778542193e-07,-9.777602032497086e-07,15.000001546672175
1701944397750657818,-5.689391492306568e-07,-1.1167835501491592e-06,15.000001862051196
1701944397752465030,-7.597295165043004e-07,-1.2500693404949271e-06,15.00000224768799
1701944397754113642,-9.499004103702359e-07,-1.3446256179649652e-06,15.000002614451493
1701944397755720043,-1.1475436286196672e-06,-1.4098255732798137e-06,15.000002975620212
1701944397757265193,-1.3467673954824225e-06,-1.4469132104305326e-06,15.000003319306757
1701944397758687207,-1.5363418444022093e-06,-1.4591179451782737e-06,15.00000362913075
1701944397759919636,-1.7043790939875091e-06,-1.4534645877616454e-06,15.00000389258935
1701944397761359632,-1.9040802853969227e-06,-1.430137305049538e-06,15.000004198223538
1701944397762694274,-2.0914530819418305e-06,-1.3958133525351228e-06,15.000004484883004
1701944397764026976,-2.279730990728385e-06,-1.3538928173357577e-06,15.000004781428501
1701944397765618108,-2.5054526382857393e-06,-1.3004574766963898e-06,15.00000515822411
1701944397767229973,-2.736246067062851e-06,-1.2490966187790855e-06,15.000005571147518
1701944397768398810,-2.907351315535282e-06,-1.2172038568642444e-06,15.000005890868811
1701944397769797097,-3.1225958309076495e-06,-1.189341369775616e-06,15.00000629252606
1701944397771343686,-3.38334018713043e-06,-1.1754379519886348e-06,15.000006754964724
1701944397773441789,-3.7911162627095882e-06,-1.1881991465906058e-06,15.000007403404071
1701944397775215448,-4.192804155151544e-06,-1.2263897911413829e-06,15.000007967526997
1701944397776525074,-4.525259433459792e-06,-1.2684837283991203e-06,15.00000839458547
1701944397777752749,-4.863631959745007e-06,-1.3164084944779876e-06,15.00000880605416
1701944397778996771,-5.229818667385824e-06,-1.371840738661807e-06,15.00000923743607
1701944397780238299,-5.6143271715923905e-06,-1.433481252341038e-06,15.000009684785999
1701944397781517794,-6.025390938502827e-06,-1.5033670665109695e-06,15.000010163774418
1701944397783148746,-6.564544899094327e-06,-1.600615986913822e-06,15.000010798443682
1701944397784232283,-6.929757058103966e-06,-1.6688332088152552e-06,15.000011232614874
1701944397785576620,-7.389221083936196e-06,-1.753923623590391e-06,15.000011780903728
1701944397787048197,-7.900960699557122e-06,-1.8433729959118352e-06,15.000012389704516
1701944397788413153,-8.38502343594151e-06,-1.91981929109404e-06,15.00001296008977
1701944397789734633,-8.863254833804095e-06,-1.9867886008630994e-06,15.000013516482452
1701944397790986146,-9.325337611495873e-06,-2.0445765807904317e-06,15.000014047190382
1701944397792308422,-9.824114136637114e-06,-2.101433381952396e-06,15.000014613081012
1701944397793473212,-1.0273780433915745e-05,-2.1491551961135954e-06,15.000015117643704
1701944397794696629,-1.0758631568329303e-05,-2.197468862854793e-06,15.000015655962633
1701944397796057015,-1.1316455418244227e-05,-2.249049680386802e-06,15.000016267532416
1701944397797423488,-1.1899774713852515e-05,-2.2986787524580417e-06,15.000016897526324
1701944397798799322,-1.2511935649126571e-05,-2.346946669062382e-06,15.000017548341493
1701944397800023702,-1.3077527114504628e-05,-2.38902751435804e-06,15.000018141560744
1701944397801399948,-1.3734072871842955e-05,-2.435671156796927e-06,15.000018822916116
1701944397803283139,-1.4663263879017646e-05,-2.4983335689268744e-06,15.000019777296433
1701944397805031156,-1.5553372555240223e-05,-2.555252869952082e-06,15.000020681360072
1701944397806671408,-1.641018770923233e-05,-2.6078807981762274e-06,15.000021540548959
1701944397808093078,-1.716823535692867e-05,-2.653197152091049e-06,15.000022289499043
1701944397809504457,-1.7934189114005385e-05,-2.698141654117359e-06,15.000023033829066
1701944397810955596,-1.873488293871759e-05,-2.7445424804974198e-06,15.000023798362928
1701944397812273392,-1.947303578680973e-05,-2.787188478222222e-06,15.000024492550804
1701944397813723665,-2.0295528252337074e-05,-2.835136145461394e-06,15.000025257610176
1701944397815158765,-2.1118348640828447e-05,-2.8840977989136113e-06,15.000026017434758
1701944397816386243,-2.182761778388794e-05,-2.9276011045428248e-06,15.000026669172316
1701944397817872072,-2.2693321486605377e-05,-2.9833624537685924e-06,15.000027459105652
1701944397819241367,-2.35005882074967e-05,-3.03886370111823e-06,15.00002818647754
1701944397820237250,-2.4096558204105844e-05,-3.082101434965587e-06,15.000028714542669
1701944397821933640,-2.51397578025027e-05,-3.1600991061259754e-06,15.00002961223496
1701944397823260755,-2.5986872755408665e-05,-3.2225349932092305e-06,15.000030313552543
1701944397824685720,-2.6934617338723723e-05,-3.2859627086150685e-06,15.000031068012074
1701944397826034805,-2.7872905222984882e-05,-3.3370532856234654e-06,15.000031786256018
1701944397827355588,-2.883294177574055e-05,-3.3731918215164098e-06,15.000032496543934
1701944397828644357,-2.9808997127039503e-05,-3.391379985519348e-06,15.000033199307913
1701944397829906885,-3.080071633999753e-05,-3.391649077351387e-06,15.000033900019933
1701944397830933805,-3.162988328782733e-05,-3.3803156313919057e-06,15.000034480365509
1701944397832407113,-3.2847067569570225e-05,-3.3521716791207337e-06,15.000035331531143
1701944397833974715,-3.41694980801314e-05,-3.315757041293545e-06,15.00003626199992
1701944397836218286,-3.609631602559438e-05,-3.2706025415150133e-06,15.000037635921968
1701944397838310397,9.868539193019343e-12,-0.0010228149530239119,15.00000000000934
1701944397839683635,-3.031858029845078e-08,-0.0010566117813902804,15.00000004764037
1701944397841074200,-5.8740433594010816e-08,-0.0010701958954731424,15.000000091766053
1701944397842387699,-9.286971660168844e-08,-0.0010830370771532686,15.000000142895601
1701944397843869107,-1.3954327183800657e-07,-0.0010975340104029828,15.000000208795166
1701944397845164812,-1.8759151582441186e-07,-0.0011102212569137082,15.000000272568702
1701944397846476521,-2.436266019475523e-07,-0.0011230769808463752,15.000000343114225
1701944397847766764,-3.067911778755379e-07,-0.0011357327960270672,15.000000419185701
1701944397849188000,-3.868572074860353e-07,-0.0011496847325539034,15.000000511796085
1701944397850677230,-4.844304046578561e-07,-0.0011643160884276674,15.00000061953705
1701944397852074751,-5.911922595964775e-07,-0.0011780562783002028,15.000000730360824
1701944397853538648,-7.223727933898352e-07,-0.0011924519097129696,15.000000854909516
1701944397854858036,-8.608829957816681e-07,-0.001205423351911484,15.000000972575657
1701944397856098543,-1.011451773967692e-06,-0.001217618893691491,15.000001086324835
1701944397857651916,-1.2302594156917868e-06,-0.0012328763926742344,15.000001232079041
1701944397858916311,-1.433953481581654e-06,-0.0012452853778888084,15.000001354112733
1701944397860473183,-1.7160716042680058e-06,-0.0012605524836428342,15.000001510874174
1701944397861817160,-1.9864233790861347e-06,-0.0012737209720299692,15.000001653739744
1701944397863302752,-2.31218413717046e-06,-0.0012882674877764037,15.000001821313438
1701944397865096942,-2.739525658820103e-06,-0.0013058270305759106,15.000002038342915
1701944397867067123,-3.245179192848324e-06,-0.0013250965312692265,15.000002296233422
1701944397869285261,-3.850239015178781e-06,-0.001346784231069254,15.00000261274079
1701944397870753208,-4.266153011733766e-06,-0.0013611315804150227,15.000002837682688
1701944397872003918,-4.6267299960817955e-06,-0.001373353980093355,15.00000303831941
1701944397873402193,-5.033910056496386e-06,-0.00138701590652909,15.000003270077167
1701944397874779019,-5.437926595056813e-06,-0.0014004732741664853,15.000003502802365
1701944397876168590,-5.848373407440706e-06,-0.0014140611362962968,15.000003738356584
1701944397877465983,-6.234485219514357e-06,-0.0014267590034799892,15.000003956177538
1701944397878676627,-6.5981855420612626e-06,-0.001438618632925781,15.000004156602182
1701944397880169318,-7.053543368945538e-06,-0.0014532575744467026,15.000004401272792
1701944397881727611,-7.540761414136093e-06,-0.0014685586795014716,15.00000465698014
1701944397883112920,-7.988189052916209e-06,-0.0014821751395891693,15.000004887316713
1701944397884366886,-8.409287225129145e-06,-0.001494512810060543,15.000005099810314
1701944397885880729,-8.944518933845593e-06,-0.001509414992607121,15.000005361628597
1701944397887280365,-9.47101760906685e-06,-0.0015232031602343491,15.00000560797677
1701944397888518316,-9.965481790969649e-06,-0.0015354016100022074,15.000005827839047
1701944397889710204,-1.0469191595793654e-05,-0.0015471496386233175,15.000006039790723
1701944397890843133,-1.0973680693679157e-05,-0.001558318275374805,15.000006239919518
1701944397892457568,-1.173432953565962e-05,-0.0015742295085520428,15.000006519164467
1701944397893853081,-1.242912508597962e-05,-0.0015879795876833698,15.000006752142056
1701944397895507872,-1.3292849740075847e-05,-0.0016042684089988101,15.000007014945638
1701944397897062159,-1.4140151856140113e-05,-0.0016195550381133527,15.00000724736919
1701944397899015453,-1.5250748831332884e-05,-0.0016387466780165801,15.000007520231659
1701944397900494216,-1.612383748115459e-05,-0.001653259208379004,15.000007713696862
1701944397902142951,-1.7128135494593785e-05,-0.001669426861709253,15.000007917518367
1701944397903645656,-1.8069046885396552e-05,-0.0016841475152722769,15.00000809266136
1701944397905047371,-1.896621701672176e-05,-0.0016978667938515207,15.000008246514387
1701944397906834741,-2.0135557197807323e-05,-0.0017153483999059857,15.000008428490254
1701944397908324420,-2.113220675662909e-05,-0.001729907978896899,15.000008567781672
1701944397909848101,-2.2175294641874223e-05,-0.0017447942025710856,15.000008699463958
1701944397911052770,-2.3019579541301333e-05,-0.0017565584479466816,15.000008797223545
1701944397912237006,-2.386976371119531e-05,-0.001768123509158875,15.000008890014074
1701944397913473975,-2.4782169592996426e-05,-0.0017802052278719834,15.000008985946145
1701944397914677480,-2.569541944885866e-05,-0.0017919564162077128,15.000009080284789
1701944397916386950,-2.703840092328222e-05,-0.0018086499348819393,15.000009218150623
1701944397917673280,-2.8084152219462056e-05,-0.001821211752571876,15.000009325045976
1701944397919016878,-2.9206761649042146e-05,-0.001834328573760873,15.000009438660497
1701944397920272499,-3.028227488490309e-05,-0.0018465888011393098,15.000009545204097
1701944397921603938,-3.144781231842857e-05,-0.0018595895138552602,15.000009656205215
1701944397922813201,-3.252713123571283e-05,-0.0018714025774297972,15.000009752869337
1701944397924109204,-3.3703576873024e-05,-0.0018840692834375765,15.000009848924373
1701944397925449044,-3.493927440301812e-05,-0.0018971705588284478,15.000009936606032
1701944397927357721,-3.673159008111881e-05,-0.0019158374255423825,15.000010034494982
1701944397928865822,-3.817541782421272e-05,-0.0019305893576519447,15.00001008523712
1701944397930786579,-4.005356530170529e-05,-0.0019493680190210774,15.000010110317472
1701944397932278801,-4.1547308715660376e-05,-0.001963947891326689,15.000010097866644
1701944397933775066,-4.307982556035048e-05,-0.001978553083478733,15.000010058690721
1701944397935882947,-4.5305111857974124e-05,-0.0019991095117047855,15.000009965213506
1701944397937443114,-4.700348707396568e-05,-0.002014303334948972,15.000009872617413
1701944397938645561,-4.834316082789183e-05,-0.0020260076662131335,15.00000979122729
1701944397939959257,-4.983651487105346e-05,-0.0020387887039708097,15.000009694914993
1701944397941133152,-5.1197055658279436e-05,-0.00205021006077744,15.000009603103562
1701944397942446104,-5.2746936520646704e-05,-0.0020629849288787768,15.00000949408622
1701944397943766514,-5.4336041625444e-05,-0.0020758425374907876,15.000009377424908
1701944397945223723,-5.612416274362636e-05,-0.002090038159156419,15.000009240235507
1701944397946578312,-5.781896679142123e-05,-0.0021032390550558173,15.00000910432136
1701944397947820318,-5.940126916758835e-05,-0.0021153489446678383,15.00000897190047
1701944397949150600,-6.112524404136478e-05,-0.0021283184357352527,15.00000882070438
1701944397950510215,1.3427196258065238e-11,-0.002045512261721639,15.000000000019782
1701944397951904316,-6.369878027636883e-08,-0.0020706166056058827,14.999999973598172
1701944397953299212,-1.4427322548563332e-07,-0.002083337847565387,14.999999938718855
1701944397954592039,-2.474226898218244e-07,-0.002095129872567917,14.999999890800682
1701944397955831956,-3.7171040215822524e-07,-0.0021064444614506614,14.999999829029042
1701944397957374042,-5.601044228589497e-07,-0.0021205177365551837,14.999999729929291
1701944397959056352,-8.077576314323066e-07,-0.002135868630742884,14.999999595743423
1701944397961128207,-1.1738769992242772e-06,-0.0021547621964585657,14.99999940037695
1701944397962646530,-1.4868760934085059e-06,-0.0021685933149885347,14.999999241732576
1701944397963878440,-1.7711308075756588e-06,-0.0021798046966245133,14.999999107389984
1701944397965593643,-2.2175058167985347e-06,-0.002195397597082872,14.999998916448094
1701944397967025330,-2.6386568275318503e-06,-0.0022084008731781016,14.99999875465313
1701944397969302037,-3.4040062681488277e-06,-0.0022290638397107544,14.999998490553393
1701944397970642761,-3.909534113403215e-06,-0.002241228179059982,14.999998328745729
1701944397971858038,-4.401462095926162e-06,-0.0022522505670031865,14.99999817487328
1701944397972897445,-4.8471209919966115e-06,-0.0022616771537988982,14.99999803533552
1701944397974323641,-5.4964724095822166e-06,-0.0022746054035997164,14.999997828494028
1701944397975969815,-6.3026569096487985e-06,-0.0022895165531650074,14.99999756513613
1701944397977329725,-7.01655611693033e-06,-0.002301827671871654,14.999997327004655
1701944397978484921,-7.658190569064976e-06,-0.0023122795729115203,14.99999711040757
1701944397979755762,-8.402210009304626e-06,-0.002323775496833071,14.999996857869787
1701944397980901012,-9.10626058116202e-06,-0.0023341293090029585,14.999996618947597
1701944397982300294,-1.0008308689787368e-05,-0.002346776020423441,14.999996315039605
1701944397983947618,-1.1126935164546254e-05,-0.0023616546184822606,14.999995944276453
1701944397985559773,-1.2280565832624625e-05,-0.0023762048513746546,14.999995571491482
1701944397986954061,-1.332587488410851e-05,-0.0023887780125958933,14.999995243921463
1701944397988696182,-1.4694872641163808e-05,-0.002404475537754607,14.99999483124222
1701944397990696126,-1.6350930161008744e-05,-0.0024224838302012866,14.999994355599704
1701944397992348649,-1.7783840783269242e-05,-0.002437353865000119,14.999993962141263
1701944397993692345,-1.898924547087206e-05,-0.002449441082517891,14.999993642023655
1701944397995045310,-2.0237193218244782e-05,-0.0024616080689629856,14.999993319642309
1701944397996495898,-2.1611999630056828e-05,-0.00247464696948676,14.999992974698857
1701944397997851270,-2.2931252685640184e-05,-0.0024868250708083885,14.999992654217285
1701944397999228290,-2.430680159378773e-05,-0.0024991892949666706,14.999992331859449
1701944398000482130,-2.5592245625921165e-05,-0.0025104426207150517,14.999992041980232
1701944398001527810,-2.6689976144192002e-05,-0.002519823815345109,14.999991803338846
1701944398002806519,-2.806681037670525e-05,-0.0025312909753722524,14.999991515814065
1701944398004170370,-2.9580182339868954e-05,-0.0025435204480246058,14.999991214300875
1701944398005585360,-3.120045566855704e-05,-0.0025562046907284005,14.99999090632072
1701944398007169093,-3.307404048970814e-05,-0.00257039639135658,14.99999056519967
1701944398008446129,-3.4629899809055435e-05,-0.0025818388573472083,14.999990290925194
1701944398009677962,-3.6165910805658504e-05,-0.002592868864992309,14.99999002586245
1701944398010925838,-3.7755739602554676e-05,-0.0026040378026539546,14.999989756790434
1701944398012110300,-3.929459595735132e-05,-0.002614631569953838,14.999989502235916
1701944398012956455,-4.041110039055157e-05,-0.0026221940513565197,14.99998932210233
1701944398014367347,-4.230359905200515e-05,-0.0026347930306771187,14.99998902805505
1701944398016156398,-4.475690314770253e-05,-0.002650747544868227,14.999988669942498
1701944398017453929,-4.657264521865205e-05,-0.002662304640683331,14.999988421695384
1701944398019063989,-4.886788833246311e-05,-0.0026766347589761,14.999988126512614
1701944398020585292,-5.108015904781273e-05,-0.0026901688943496644,14.999987858075759
1701944398022768071,-5.433143786647162e-05,-0.0027095838790185,14.999987482169262
1701944398024291558,-5.6656805709532994e-05,-0.002723136062487729,14.9999872212722
1701944398025521659,-5.856910308650987e-05,-0.0027340814368347,14.999987008328722
1701944398026714483,-6.045232504565725e-05,-0.0027446960401965393,14.999986798534506
1701944398027986685,-6.249122007602934e-05,-0.002756020176141547,14.999986571197468
1701944398029138994,-6.436385761271177e-05,-0.002766279700624462,14.99998636296904
1701944398030365421,-6.638341165232284e-05,-0.0027772019835397756,14.999986140387904
1701944398031799212,-6.877895437762155e-05,-0.0027899736103573643,14.999985881021207
1701944398033180896,-7.112239851571523e-05,-0.002802280949770323,14.999985633672239
1701944398034592835,-7.355228134335195e-05,-0.0028148582350726995,14.999985384366228
1701944398035864368,-7.576960967155902e-05,-0.002826185501999528,14.999985162428874
1701944398037229374,-7.817856145716636e-05,-0.002838347954384527,14.999984925272257
1701944398038373544,-8.021908300106613e-05,-0.002848545914016731,14.999984725741516
1701944398039921544,-8.300791089536823e-05,-0.00286234657222676,14.999984451737278
1701944398041319282,-8.555165495127246e-05,-0.0028748084104735765,14.999984198124574
1701944398043032791,-8.869943794798671e-05,-0.002890078949063167,14.999983876492696
1701944398044377538,-9.119042838366505e-05,-0.0029020546618617037,14.999983614752393
1701944398045661911,-9.358517873593228e-05,-0.0029134843397858445,14.999983356796438
1701944398047018538,-9.61304246134455e-05,-0.0029255470777083984,14.999983076196198
1701944398048368183,-9.867929589925965e-05,-0.0029375398912712424,14.999982789204243
1701944398049886332,-0.00010156751043494935,-0.0029510223301008366,14.999982457419211
1701944398051693186,-0.00010503761361472124,-0.0029670699145326416,14.999982050010061
1701944398054158306,-0.00010982945914046027,-0.0029889707509360417,14.999981472347699
1701944398055756400,-1.3717277232714112e-11,-0.0027273895279502033,14.999999999991255
1701944398056981163,-4.080803899312362e-08,-0.002745692501321044,14.999999984639151
1701944398058195950,-8.244492273037618e-08,-0.002753578481217422,14.999999968999623
1701944398059532712,-1.4200549530718958e-07,-0.0027622582205470395,14.999999946852164
1701944398061011098,-2.2131387730519266e-07,-0.002771862854425046,14.99999991789193
1701944398062339522,-3.0159736408332165e-07,-0.0027804956889010348,14.999999889023682
1701944398063883911,-4.017413631538931e-07,-0.0027905357587842653,14.999999852892657
1701944398065299649,-4.972415294139545e-07,-0.0027997438683757723,14.999999817315981
1701944398066775205,-5.985212644064972e-07,-0.0028093482817679555,14.999999777305131
1701944398068061472,-6.874704768685325e-07,-0.0028177271296417877,14.99999973972963
1701944398069606995,-7.948090361515717e-07,-0.002827800962988914,14.999999690926423
1701944398071076673,-8.973196967825575e-07,-0.0028373842671747104,14.999999640026745
1701944398072257659,-9.798445893982291e-07,-0.0028450859449534534,14.999999594996059
1701944398073494406,-1.0656184397138615e-06,-0.002853146230748352,14.999999542954678
1701944398074828754,-1.1558842428752555e-06,-0.0028618365433270305,14.99999948081118
1701944398076116669,-1.2392058903274048e-06,-0.0028702135287023566,14.999999415301462
1701944398077410206,-1.3186591350862672e-06,-0.002878619103148471,14.999999345014897
1701944398078817055,-1.4018889030467968e-06,-0.002887748374904518,14.999999265484663
1701944398080130790,-1.479925297152878e-06,-0.0028962616365440595,14.99999919084733
1701944398081729374,-1.5813773781802957e-06,-0.002906608111945587,14.999999103709317
1701944398083497974,-1.7085156855997907e-06,-0.0029180399079196694,14.999999016192957
1701944398085573779,-1.8838468971561874e-06,-0.0029314392214724165,14.999998928809845
1701944398086777958,-1.999336646676607e-06,-0.0029392057119888137,14.999998886142567
1701944398088029853,-2.1289345818309224e-06,-0.0029472755997991453,14.999998847760812
1701944398089088204,-2.244101877897752e-06,-0.0029540957128056625,14.999998819727058
1701944398090710425,-2.425002855307479e-06,-0.002964549249209969,14.99999878442437
1701944398091944788,-2.5632140311013857e-06,-0.0029725043423287647,14.999998764458365
1701944398093166124,-2.698409151539626e-06,-0.00298037814902555,14.999998752271537
1701944398094496661,-2.843403639955184e-06,-0.002988957400878288,14.999998750058243
1701944398095759597,-2.9795661780841224e-06,-0.0029971008907339254,14.999998760448175
1701944398096914497,-3.104302025524574e-06,-0.0030045484150758323,14.999998780932957
1701944398098173780,-3.242983276112483e-06,-0.003012670238552358,14.99999881372363
1701944398099480349,-3.3928642603245607e-06,-0.003021098192737979,14.999998856459092
1701944398100686364,-3.5394980756107735e-06,-0.0030288791191607593,14.999998901366435
1701944398101862298,-3.692711751611626e-06,-0.0030364681896703108,14.999998948739762
1701944398103098633,-3.866827120982445e-06,-0.003044450183439126,14.999999001823285
1701944398104268199,-4.044910796234779e-06,-0.00305200319945948,14.999999055201632
1701944398105484297,-4.244057975957569e-06,-0.003059856885745546,14.999999114295427
1701944398107696993,-4.6416978896168156e-06,-0.0030741532655671057,14.999999232406847
1701944398109667380,-5.032543814743059e-06,-0.003086886520973014,14.999999349803142
1701944398111243318,-5.369463064391221e-06,-0.003097073104252415,14.99999945228157
1701944398113068152,-5.78706614813072e-06,-0.0031088707712833862,14.9999995798713
1701944398114791511,-6.209348223804597e-06,-0.0031200138701039785,14.999999707321553
1701944398116160479,-6.564154479818119e-06,-0.0031288665320554267,14.999999811242033
1701944398117390855,-6.8966248712161834e-06,-0.0031368222472309614,14.999999904519985
1701944398119036434,-7.358215413966084e-06,-0.0031474576263656037,15.0000000258068
1701944398120289359,-7.720760497750652e-06,-0.0031555515701032636,15.000000113968072
1701944398121754734,-8.15472265748156e-06,-0.003165015370233322,15.000000211368272
1701944398123143557,-8.57379124266205e-06,-0.0031739866807798797,15.000000298094943
1701944398124162042,-8.883599151906421e-06,-0.0031805658217930596,15.000000358675786
1701944398125937414,-9.420556653462241e-06,-0.0031920478791862233,15.000000460002866
1701944398127143480,-9.778918063959386e-06,-0.0031998562257435264,15.000000526533793
1701944398128484529,-1.0167626718888114e-05,-0.0032085507097389158,15.000000599284585
1701944398129862764,-1.0555645330166598e-05,-0.0032174979741802145,15.000000673122717
1701944398131265228,-1.0940228157887877e-05,-0.0032266119188352083,15.000000747233631
1701944398132867378,-1.1370427939723386e-05,-0.0032370338532607427,15.000000830188082
1701944398134157527,-1.1711583052753519e-05,-0.003245430961511666,15.000000895142483
1701944398135451088,-1.2049476091091942e-05,-0.0032538545385361554,15.0000009576888
1701944398136590569,-1.2342622115884549e-05,-0.00326127573681253,15.000001009536605
1701944398137952594,-1.2684907275701342e-05,-0.003270149746637969,15.000001066100033
1701944398139378526,-1.3030749470910372e-05,-0.0032794434776316768,15.00000111845065
1701944398140747602,-1.3348830554948555e-05,-0.0032883702859359434,15.000001162647857
1701944398142169171,-1.3664259453199707e-05,-0.0032976468585822756,15.000001203569907
1701944398144053435,-1.4060064905008872e-05,-0.003309953738982424,15.000001252602734
1701944398145631034,-1.4372847060393516e-05,-0.003320270146127437,15.000001291120848
1701944398147317036,-1.468848645139701e-05,-0.0033313068954947153,15.000001331703084
1701944398148759331,-1.4942540058355484e-05,-0.0033407590675094056,15.000001366248732
1701944398150022544,-1.5151606882936452e-05,-0.0033490411875685506,15.000001395385164
1701944398151730246,-1.1366696668442728e-11,-0.003409206815764641,15.000000000000515
1701944398153294052,5.153685621288452e-08,-0.0034324506202803914,14.9999999871211
1701944398154517523,9.814693035837072e-08,-0.0034411418894591656,14.999999974789215
1701944398155951331,1.7389853937824244e-07,-0.0034513258248745305,14.999999952346547
1701944398157148725,2.550874720280696e-07,-0.003459828870535628,14.999999925501537
1701944398158377945,3.5513580502339946e-07,-0.0034685540444089123,14.99999988885396
1701944398159706703,4.815165775673019e-07,-0.0034779874058353095,14.999999837708986
1701944398160964754,6.174165042182905e-07,-0.0034869218546900267,14.999999777826828
1701944398162274290,7.739095558715246e-07,-0.0034962242820844596,14.9999997040439
1701944398163599098,9.459212901371929e-07,-0.003505634128294657,14.999999618471428
1701944398164995598,1.1403726092232084e-06,-0.0035155530918290147,14.99999951736268
1701944398165984907,1.2853429352429494e-06,-0.003522574919338242,14.99999943938941
1701944398167724076,1.5528017938528205e-06,-0.0035349103857428006,14.999999290301563
1701944398169031329,1.7636538836454785e-06,-0.003544172224917559,14.999999168753744
1701944398170173316,1.9544933478970924e-06,-0.003552257295573883,14.999999056637446
1701944398171680413,2.2157038566887354e-06,-0.003562920377602485,14.999998901674275
1701944398172960180,2.4456297098158126e-06,-0.0035719730165939497,14.999998764869641
1701944398174257379,2.685598554955874e-06,-0.0035811477769255957,14.99999862203578
1701944398175953808,3.008572077442096e-06,-0.0035931543217451955,14.999998428149986
1701944398177428134,3.295792653706236e-06,-0.003603594360441012,14.999998251152798
1701944398178913071,3.588252565721554e-06,-0.003614113465034263,14.999998061614287
1701944398180227674,3.846755045368424e-06,-0.0036234287778358276,14.999997881942155
1701944398181555293,4.103910742715859e-06,-0.003632835504068817,14.99999768832015
1701944398182967370,4.369999916679064e-06,-0.003642841287835269,14.999997470733447
1701944398184289137,4.610326737549464e-06,-0.003652206568603076,14.999997260052814
1701944398186139587,4.9313056307649936e-06,-0.0036653188153469027,14.999996962495745
1701944398187326503,5.127621096540675e-06,-0.0036737315860708776,14.999996773307226
1701944398188571790,5.325852089362634e-06,-0.0036825616290968853,14.999996578147307
1701944398189899461,5.529324905103688e-06,-0.0036919805303168764,14.999996373519531
1701944398191379503,5.748417098412909e-06,-0.003702484042096755,14.999996147209474
1701944398192435994,5.90126952580866e-06,-0.0037099824458009826,14.999995984739906
1701944398193726094,6.086437114930466e-06,-0.003719138475364769,14.999995781739862
1701944398194995917,6.269260178971627e-06,-0.003728146357208118,14.999995574189917
1701944398196289375,6.457577523253638e-06,-0.003737311997415257,14.999995353054526
1701944398197711976,6.6670684466671005e-06,-0.0037473747106296106,14.999995098231691
1701944398198816150,6.830063251630345e-06,-0.003755166516976035,14.99999489290978
1701944398200098687,7.017049954259058e-06,-0.0037641954101482735,14.99999464779972
1701944398201419809,7.204181952851736e-06,-0.003773468892424637,14.99999438933394
1701944398202906908,7.406081082282277e-06,-0.0037838814758203772,14.999994091649626
1701944398203998965,7.548525104549217e-06,-0.0037915170402920456,14.999993868067353
1701944398205535523,7.742979619117292e-06,-0.0038022502235555014,14.999993545160295
1701944398207457619,7.981238962208342e-06,-0.0038156767605350187,14.999993126525455
1701944398209113554,8.18529052452698e-06,-0.0038272487185724026,14.999992753650478
1701944398210608548,8.37005372147231e-06,-0.0038376991966295325,14.999992409409002
1701944398211858595,8.525173105566179e-06,-0.003846440710228117,14.999992117800106
1701944398213110760,8.680803824651894e-06,-0.003855198409203689,14.999991823936977
1701944398214392961,8.839842424872092e-06,-0.003864166372631528,14.99999152249271
1701944398215761456,9.00857720553327e-06,-0.0038737378918275852,14.999991200696224
1701944398217148587,9.178351182827836e-06,-0.0038834399974368343,14.999990873410082
1701944398218336107,9.3232518615368e-06,-0.003891747543738003,14.999990590151306
1701944398219727654,9.49423157244957e-06,-0.003901485088367359,14.99999025064339
1701944398221018600,9.65544415971697e-06,-0.0039105194114996385,14.99998992539116
1701944398222220940,9.808304200384968e-06,-0.003918936589386547,14.999989612006116
1701944398223667499,9.994029085031266e-06,-0.003929065102240671,14.99998922244358
1701944398224656672,1.012050893624688e-05,-0.0039359927774441006,14.999988949776133
1701944398226086671,1.0338967061770867e-11,-0.003750145619575717,14.999999999997883
1701944398227975578,-1.8500951382886062e-08,-0.003765362404520173,14.99999999253924
1701944398229463411,-3.991103536941562e-08,-0.0037721799901012094,14.999999986849685
1701944398230673788,-6.447884031359408e-08,-0.0037777216126775436,14.999999984712963
1701944398231912696,-9.578659091848788e-08,-0.003783384661532869,14.999999986420043
1701944398233118098,-1.3088112585385068e-07,-0.0037888844047420846,14.999999992281657
1701944398234298985,-1.6786743074896392e-07,-0.003794260627494337,15.000000002197785
1701944398235702408,-2.1235927338052303e-07,-0.0038006363383676876,15.000000020026604
1701944398237012190,-2.517502660639364e-07,-0.0038065737240163128,15.000000043600592
1701944398239032748,-3.024984117028153e-07,-0.0038157221235703754,15.00000009535549
1701944398240660853,-3.3083278790402546e-07,-0.0038230909495904296,15.000000151283828
1701944398242160088,-3.438993365639817e-07,-0.003829881326119413,15.000000213359131
1701944398243567263,-3.4289953051051557e-07,-0.0038362640531914957,15.000000278860988
1701944398244907357,-3.293453183836081e-07,-0.0038423530140595987,15.000000344841867
1701944398246164143,-3.062601444222684e-07,-0.0038480719389192754,15.000000407037081
1701944398247528298,-2.7252096938539097e-07,-0.0038542895770015805,15.000000472458044
1701944398248811454,-2.3581643784031216e-07,-0.0038601457613278095,15.00000053100573
1701944398250147288,-1.9569123900672456e-07,-0.003866248704213569,15.000000588527696
1701944398251617898,-1.5127188943942415e-07,-0.003872970816373464,15.000000647452985
1701944398252935579,-1.1147233616834083e-07,-0.0038789941761220195,15.00000069617618
1701944398254199613,-7.280202423618235e-08,-0.00388476823021122,15.000000739604435
1701944398255523010,-3.145200229273029e-08,-0.003890809452983084,15.000000782506568
1701944398256778982,8.13387903902973e-09,-0.0038965368021275735,15.000000822050717
1701944398258057019,4.7403080568839346e-08,-0.003902358884198258,15.000000863165296
1701944398259434717,8.635541362264336e-08,-0.0039086266883396744,15.00000091182601
1701944398260756717,1.1807328770697026e-07,-0.0039146354323335245,15.000000966618348
1701944398261923082,1.3961775015959675e-07,-0.00391993245435074,15.000001024794221
1701944398263247003,1.5532649869548997e-07,-0.003925942494999771,15.000001105571087
1701944398264543418,1.6165849512405356e-07,-0.003931828009055918,15.000001202341544
1701944398265818373,1.6036261019794946e-07,-0.003937618787391505,15.000001315609804
1701944398267588031,1.496763115193175e-07,-0.003945672519615289,15.000001500843734
1701944398269222872,1.3374845669586684e-07,-0.003953134698838546,15.00000169641184
1701944398271525357,1.0756949573567916e-07,-0.003963692461850883,15.0000019991964
1701944398272809291,9.33426629428926e-08,-0.0039696068113138205,15.00000217730702
1701944398274086629,8.180540050844335e-08,-0.003975511388353558,15.000002357218886
1701944398275436190,7.400175050794636e-08,-0.003981769612333125,15.00000254861844
1701944398276582565,7.120329130516297e-08,-0.003987101674504939,15.000002712874105
1701944398277771167,7.14340549869131e-08,-0.003992645151855187,15.00000288686814
1701944398279058719,7.397026313417533e-08,-0.003998662469714011,15.000003082240736
1701944398280290236,7.709161669795496e-08,-0.00400442741034985,15.000003277854736
1701944398281816462,7.941414495492858e-08,-0.004011578443639716,15.000003533384811
1701944398283148308,7.803045323862905e-08,-0.004017816483931888,15.00000376761071
1701944398284453832,7.153171384734876e-08,-0.004023924710623784,15.000004005705769
1701944398285742155,5.833654709156279e-08,-0.0040299420744017884,15.000004246616548
1701944398287054128,3.6520677008042266e-08,-0.004036061963602332,15.000004495721434
1701944398288304176,7.074071493933625e-09,-0.004041887851424377,15.000004734929814
1701944398289839967,-4.1051126121503384e-08,-0.004049046394583129,15.000005030806765
1701944398291194559,-9.411591646882152e-08,-0.004055365428187663,15.000005294913736
1701944398292484346,-1.5271647752933168e-07,-0.0040613874317121336,15.000005551641067
1701944398293778771,-2.1727116598867573e-07,-0.004067437279722039,15.000005817455781
1701944398294952948,-2.7852826148998075e-07,-0.004072927967575156,15.000006067735729
1701944398296432728,-3.565434266139858e-07,-0.004079847819192982,15.000006397600735
1701944398298177197,-4.479456419048329e-07,-0.004088003629883976,15.000006808080148
1701944398300201451,-5.533192195898348e-07,-0.004097468232708542,15.000007311993242
1701944398302095342,-6.525236031102096e-07,-0.004106332534795013,15.000007805307018
1701944398303774244,-7.421900745488455e-07,-0.0041142046045259135,15.000008253503397
1701944398305058414,-8.123911372107672e-07,-0.004120238537585383,15.000008598786419
1701944398307137927,-9.290504207467479e-07,-0.004130037459925982,15.000009155764015
1701944398308391307,-1.000617799273296e-06,-0.004135959001946917,15.000009489413891
1701944398309899784,-1.0863916069624453e-06,-0.004143096297939122,15.000009890500984
1701944398311169352,-1.1568327317318266e-06,-0.0041491077867161965,15.000010230164284
1701944398312566265,-1.230795307335821e-06,-0.004155721852345598,15.000010609847768
1701944398313837148,-1.2941241692330026e-06,-0.00416173563886772,15.000010963060886
1701944398315189908,-1.3578165560814603e-06,-0.004168132570664733,15.0000113481042
1701944398316458024,-1.4158292388963807e-06,-0.004174124061856353,15.000011716431828
1701944398317476673,-1.463535207018164e-06,-0.004178933513794329,15.000012015958966
1701944398318843374,-1.5341953115543806e-06,-0.004185379077660627,15.000012420285932
1701944398320726467,1.5160124458721768e-12,-0.003750145767540909,14.999999999998247
1701944398322329818,-4.783710183571163e-08,-0.003750113851247009,15.000000004483008
1701944398323509846,-8.64346765565984e-08,-0.0037500875135967142,15.000000008538521
1701944398324523087,-1.291077876874153e-07,-0.0037500571190121333,15.00000001448969
1701944398325723942,-1.891352557670074e-07,-0.0037500114780888026,15.00000002715851
1701944398327201277,-2.7239815879342266e-07,-0.003749942717752381,15.000000054896296
1701944398329413151,-4.05859002856173e-07,-0.003749820309135235,15.000000126620131
1701944398331155403,-5.123376823036698e-07,-0.0037497119412299488,15.000000209093301
1701944398332717146,-6.050216758549606e-07,-0.0037496088294690488,15.000000300271653
1701944398334155801,-6.868665628263605e-07,-0.0037495103506431883,15.00000039525456
1701944398336164245,-7.962787449625474e-07,-0.003749369554395653,15.000000539108687
1701944398337536376,-8.687866722788612e-07,-0.0037492723512012193,15.000000642814081
1701944398338668825,-9.278542489755449e-07,-0.0037491921626242757,15.000000731535645
1701944398339979204,-9.950941751040357e-07,-0.003749099352855888,15.000000839493968
1701944398341298195,-1.0604771037788003e-06,-0.003749004892993552,15.000000956726398
1701944398342925521,-1.1356485220863355e-06,-0.003748884398927895,15.000001117242682
1701944398344209344,-1.1890862595375856e-06,-0.0037487845351403424,15.000001257627247
1701944398345438660,-1.2340542374012563e-06,-0.0037486834781090216,15.000001403037167
1701944398346806901,-1.275939593119542e-06,-0.0037485631351998243,15.000001575294679
1701944398348245271,-1.3104188517597636e-06,-0.003748425625273753,15.000001764905116
1701944398349614240,-1.3347870225144055e-06,-0.003748282116291385,15.00000195073817
1701944398351012872,-1.3528692165653358e-06,-0.003748120791204687,15.000002144675666
1701944398351991869,-1.3627657952929224e-06,-0.003747998568112083,15.000002282988277
1701944398353560875,-1.3771665160496857e-06,-0.003747787223555427,15.000002511138293
1701944398354748577,-1.388065085356312e-06,-0.003747615842702358,15.000002690327793
1701944398355987029,-1.3998736002106229e-06,-0.0037474290017150956,15.000002883926477
1701944398357229790,-1.4119097668226744e-06,-0.0037472358211817353,15.000003084386416
1701944398358590346,-1.4247817269343755e-06,-0.003747019867355056,15.000003308557567
1701944398359972691,-1.436971975978561e-06,-0.003746795778753767,15.000003537648114
1701944398361754235,-1.4502597383349638e-06,-0.003746496047396997,15.000003829324868
1701944398363503121,-1.459050437090743e-06,-0.0037461834767188234,15.000004108638505
1701944398364998581,-1.4613800103004612e-06,-0.0037458967157971237,15.000004341492598
1701944398366270505,-1.4580228846513049e-06,-0.00374563625492151,15.000004536244345
1701944398367657709,-1.4473502934327202e-06,-0.003745335121510005,15.0000047470057
1701944398369694789,-1.4169317263272707e-06,-0.0037448667191390234,15.000005057083074
1701944398371219775,-1.3823260276256854e-06,-0.003744501399715205,15.000005291466024
